11497693837059016825308731789443585196852778517742143582474723527597064448312
9160854578263429171202421862962594026987177464192712717562131193605088890171
16140003334191084124451468943070902129052879491017160345910048022420147165440
13954253824852759534031493316905992731351625718124698909948022659536770029356
21692459647877833789326815072729212414846887919903018341690717828718320112005
9941936267230985844518782624440910125063679135232844826673261884947459743883
13764916706054812213341909699290503443927147550756936312875016380348026052252
19102599208524798070012402067365820884265931087114568811319734727534891174260
2317229314815846955024814528087757341110607641360330608288042339421595574836
18416483069534816725178879766589878658686265350707575814092642317380006218736
1008780931278741447191637805167409477999443010661365677836100477728938308997
2545090804346934163783014162536858416885322260022963915511642447380970940906
20063061892576784746234714844937263854658165123147516223299128773175198821424
10515454963476061878165006305843100325941655508909556343534889232612007413255
14666046876279128708964624720946075308028756066224010008571298456055047416803
1019066804447509488848959767263827580870207313924599851872882869076383737080
12069305948801710705684828347680772060569105557945593846885134778987150642368
8621808318996908879998215444507382011199442894883948814246574848625262495021
2880093917191730817222149621749122107421670637456732204857760380124742164752
6542220672426887509675431131054437027921301676718161645952700116082427886835
5244163576308284656156828799646671881031097312780189786429450879353224489935
6473177356818363685990488940547034234726012773074061935352613261396549623686
21820960109882302233412313690073759484098924860992104203363318963429862834269
776485012941102583811996326817291151707768276005464663608504425462324969189
16008040671461692654565857317129301282959438973184407738728929267807682783872
11432621469217532329151110587073289606303873577842245393046608426744660231625
16529428848681190297024382986484471912959470051547049854507168832330777582917
21022141832384945339899318910964518260971220396886777286264903115370862218195
14654032557013894559632377088090851151746560959506805696507500157500224672350
21354688910115519251326230418165921377662159943573060390104844506964336391116
7752619774088278019865202458496784783724532278543560344508935599686049023521
9970654674664205783578937362441466301698784253920856829108173973533602978434
8766781005151378907464491478911534398597711022218593484510275842885145890118
427418044823104424459481289119034112585817787122063948281766019090147258009
20178400825368362428846659280983736786989246199446877730902913555280765010239
20090950791842994139452610863206653079874108855048809192426038290381481405709
20312256534186716461922298801781816516042265527822903054862895650988285562148
4909922693172591670749898596465752034935631291352031623980892388245203503556
14711873682305388680005649678171045910409841883308457847530167875811246495050
15958770417311022337941451962731041577578914593218560089308342731268531712920
14344571866504726216497643454572836820480317972842515429281824926793932325980
1769397319845168475613819781273574132774109508454697099778007579313922258588
258587389395146525547707547116022862705614858555176588203787762094788370646
7022463667655232121918607020344762877802128330181623732816227821885112788637
19845060031908398041047500648731073426448577406797522741285587091948148114644
8929070527835967284189505459276001504282186650781989399671939877306459603924
3547034362934554702033015610070536051926221082690581599667998618549114761320
4305372853651357563855521637099663044320680997112932657745973067738472275743
12214176886158725776791687535468106829515395407992835497927312162638766770078
11706938131011539306398383828922578377803816015869195385220014980091795489607
11651169608106469169652973769680487604343355235752770879131657116772958352610
13534129170664288430416028489502009030456779206590118389136628926201783734674
17992046595622622161177230469344714863802535922717313714552838880957499215981
10357743233228120740298650287569640748031608153491097653220067758242532130547
14517928487614900276301089165901434951535050275402697067248151083596639118376
8209182069608252268840455827520737704804441580266130568152978886513947166844
7640073974915695432060688995568585354936052110685953897202450273254409304465
6665784939677502535233010310165049782941185917893655988878440622136707103599
5556533518127592657586282330044128807869230494205809390140992474026365014562
408852126690043032125614061393097734033642541042497038832349288207856020928
12457107183372565990532088400464843754189254530767241274690121422398153743230
13376606774696045471509234199808902800235186345177397461276986609303176540711
5984750790245793264714000637029537436625478804219132653560918517073545131213
17088785934598552415567637681327922806463774512289686863420148678865116179843
20571346584413672249720180719864302959756306192295084730012069713189235458689
10563908856437897624492808163035753573292724651291788140893440219493498317425
8196914932493081300314276778567572383087801740102758457948867897900124032622
15351358433647454670571026954149706648025357095082471550411625465102412004635
4691549575923073479244290910433477874429633596189924034857922132851997509067
3824402350445187488499181297883462500055483166807595223590583390670577007868
3079709149206454455742256725666572935951085219797765997598190006202700553625
2933435916857570611285367519434342227981452027299670163614250683347221879812
11563256620627039928684054332499213986056102448749960304814905960272568400553
823982800920919472728462051408065816783743200056445901787723684868401502814
1426387027752743868839120378047531362360888408160839303820390910661721602405
5731997056751920185589748689260608921390513807500493745181552863591316000292
7720993839832885597994588400736035173902383878486875722645777844101744411689
9002464001048295091481045293483875664362475441902824699977741340020558338559
14092406920820325227424145554147519809410886190773484884502907926085878880530
17941121573263204671416572834368313711647830547916231506552438869447449377380
14129082317750218835304685520412323779932243077309313102580200435673568399019
12243264707350346605364305720479795822428336866265087370053925276897423448873
7359586883838006703688461248312304702229090925413466255532354254039350309505
3965462104895971860844762333128974051506845133345812196538391893357098668635
20413404046776512481224629835753522701244606906272947012890416028042446470875
14776939713848231582251698583594764736648030077584017202377553055729297756934
11733430377692682072369036122380634083002891720790435745639760545087660184574
11292503903510690808481905838273174776860675950299588217800551517281190922743
11420684871520848382159461165975179232780830769432469479502922603701278643559
508745459215920279034800716428719752357838311731203417677851933253804443780
13406614833603475717176189537057020401687589054028958458013676908546295198427
139498778461763532268768837474164379463641791532876816780917343085192436149
21267978943610728192699568453293742013765519272282009809779840168468272374983
13427075011225899058346282386775414644140701782157119231274761492276104178003
19408556542747941554117161987423225644412569826994655839704848575188694207985
4344748623903456736892311801593408666061687792073497811421388122550378864729
5249164170024197498338412206444867159273343488553715674803882832943638673489
2429321160057297680775462145791389342017255648014188548442207641044604477112
17633034583356484958669009250049760097861376611937917426871239574846566954163
8589358080626653532622087734866363152181033731195407703922685134228472217961
169706674245923892154983046053808641575955705892301306744269839968148939837
6930563539197568226045059034503291611681517204525149696500944995384070682620
7715180204730071272045176332163669182843407084675929323110162515552729145466
18820951479360410886797033460215573843065563410033088307349452904607006418510
13004571734426490172877737218587476803131320809388224624418159739666018276230
4221983194911935567520445796137770165826124860682996668925096525627918503987
4179458328609322852016864400883248432169808675570811233121213062838243996150
1974895668668582620251979849937803690939422905200315076249511583941627363923
6163089641798041487723906004413611225955533949531028903999813030048150618255
20798314848405704563578428763355242237484138146926032039199072579614133708498
7390763848541838674951447729994978703104555741288179669331719960925737939679
17595709281213749734228944927123024058411855966868873405155429088809356857614
2441295378821425129112278178696474169691086102217838124236465522719015824771
17849999656709233176331949642982487670074039937621948427273232063967495006615
5474039350730649299741439140946492457291098791158740216537321189511814004320
18047496680368319496003204418900793303422432417949101604087210129655489944730
13429638037186326961998474643589136448656547552567706898682870898125573018456
4946359485751570678621380009145072972898871622865400112232372288432448523287
3957822358540559545601980592836183988567881320017369675759228588453032530432
2400564715392273231728553914090327718988368277691346375047322875638060719294
11894303179337833272080120828007835602120013500741388580434416759507002392538
855198138664096487124576201178969627556714572486300747020353650684651888948
16178438790960495615141009256088177242852822581784859562011828222911238142141
10137977256085689928230181030370096331013301569857962720687404778057694535741
20515298296047282701750471139118794292164841708209011112551973440387123890479
7578927989884657210580284649728673292510875058413984297956940891614841867974
15739538064110791981043195085211350004676897766248503311173839899207608217532
8509314140684268376822128791119356380924264099968476717867240237437611156406
17940958334079989608306082569922896755033794405963583994940471979845228834401
6805144082112931458671099527607595264417843202533041916539891329055761729898
17799985834198911964923035884156388240555414131807336706586014102549806733421
1321093977038377443723007121319910985126631474786194145179087170534580192225
7212420993868874204016591911998823569295893131341249414736874789036080080431
16508732240056273863067547854850721821696261984346034975271352570374366672941
19365952558655609049762470933563228578883041309045062714419724629518231309330
7130642306151081144305696424018041594798737863203511582301667374235931034428
15515575256858646879456258778282520667217724217234033369846512585375869363745
9059306962111196078284859952597377729932287486280210246946890053176853282710
4280792737479805409403664514498090636723785279466801897971750554236293020515
597858655089478477234738420519139785711327216887739704481840585427214898574
12083197860096972935386715826619665719725493525449003092099143765304129114681
12386885105651539176174534724546204378869340659228252756723599802198672140462
16104345036536728728283892631581380860380214418375736872156768647788333934514
1354879242449295308208627398119082438254972230604954870747255418847391619159
4337243085646703769896498772355566596731636687256987520433742534413482763248
21848361732679483806572599977716282165817086425830260890883893707113846583427
19219603360817893268138318807528436572901663409914252265449565639651815377666
8493170221045553556330983879086435859112709446579471993956965243640551891229
14527043796091130553415865581526659472541220106744153300268446542314624889828
7937111786465239058321924657743649234315319708955946415168847089269341907969
6983241618969891267833664988834562719925952220932975709556427480787427509845
18465592203176453842524453315376851907098534348906659566313290009668304127477
12577134888425026368283611608059363450080978991251364658919457233283032077618
6518118228984271075704215109336988269949556606855830580887066004852197959585
10874313757780612756454383662805810655295466490423990025119534270332368723291
20050459982999023948350579488832955163413000705527333267976511300912322921717
21437528840108163281775491180120464654045652656938712316426352947376535924261
15993399358508475124653838111269121783855992741631266590611036066175654211556
10666318855988978766724392469406816805194254878125837815249460550109965279109
3728246313656508848829733684629154197051824118611903835393981369401120614690
15672779156766891637063280303644284349935441934769848438404666835306555334745
20385059098581842810391414884461531594818480948222590493458925664185735049630
17350905999329080753256083745369335770368978719306867594625495391694963226620
6853271030225637900654747228083647747830481256853322607732231926920221636638
16945013335725553221697952514726788415224349981949301561114619373330552300437
13958698773337419850196158271441769489630950623502500296722238460406723080346
10720560039907520317176701532328409797933913846226344831945799921818292744504
21881661898012375513399335499754096939362343783241122010305516740752509759219
8000150875389840177411621828177856485533123076967778453164076865957788973133
12006864256015504014085835403867962462497397391751885107034795661085483190829
11134943591559521791276826061536197135026619606969540608969613264694780202214
10460719249321273180939167776515335033037028258913526408809327052344611741158
15622824325483665989612723680117847052463187830077568039968213833454442303285
15410746446975895232352042328675463711076427815985485297730903996168105249910
2891625203408623652388062275887825901052275992286085168525244670232353662516
13945346776936592111645435552497641082181197055210791224507452108313960355724
9948029837520576958543862437428843878940881432043095435233721163595331057646
19462884070334019417166507501239463855294968830363882698967905077860898932836
5520136928844106525731832126160315598282989291025512087174203871698688956372
2261360495098633227748653797124151186175710067614537829940284371045336769476
18416255543912854662465760974639117371049579168655995592136361451572699752296
11463536517819692876416279640167390882172379596277754722588804736317693209031
14766312573746115666714530391277822821010415216258152152785909105008723593246
15974413313983607427146441647805917978765835122483385258268287590594890695726
7395768998784322986017026062700445312131764953109410144512127957624588026520
4984362060666297962621166548113407854009922708767986933509108968930963325593
7856069925664789206382562869453172139307214363990979700110954142509543954720
13392340056392075670742743235567931160245313927053798436913893965097578743589
14474853581934896987119860016624045909083123926480713073931600741515836999440
10281094117655562522718238098582121237113987849950975777935895552307296780258
15651874975250045926713763993802349605521485743295256479167713866101959393837
18837584337473843738351569365992574544592556787094567312567026738414350732486
5422285873429437751528536004788420694267218180077508101272917323525729776286
14483434861134394018133707852914799521209887335043004813883706597879855694501
20781651897373919207655051244184479648667009194959049646213659882342077548670
13257874746816536319517386553976680827294792028033921278407244416529098958298
11687595443717328453023567060513955787814475781716013805208754435947875015986
18166734702075655056906373297658555632769934998914813942424547912757194661408
21844245024899402789239043296889438934444349492098488274411135961103932824086
11576523423366505825808301659798885009429028155669986846400153307591026628871
1148929907457849288972409801053032039492913919668345502756020163532587226569
9833563661199700341560575887921549871699630430379479441644037429312353663854
3530072023449326955819177530541286351102246058096342120743109127661619847487
9578572618820421025088920868463234434017082077820664789170518853528041438058
7903274455513569732248555355877155817202990193424390098928646605922794954894
15657165496965632442135478212817895834512397576120080820666617370995124184076
20874620177603797416855214546759257732117862468392283423272496519554421621175
15225141515575386127960844403303707527145779098407107474807381929305493685913
18969726739742369826201131743053235807095357084892793088520738053078283905792
2273322388759602026766688787958421446004694547879317377854849512027808056744
5432511453110863684214390264939773007164867954188379597097897639266721931777
16573736113133010502307046980851924227669732687124639246608245168226674694938
14442377229880210285366376088368281053151209045775399428755468734230536622166
11507669956883827819118311484641373285663729813488745641363568933392081679659
17839532429606263422276008800408286253970022114288361307186094837217135904945
4014265539378515041529068347957642340321904838486974789543291691351911347680
13003411109936526663340169024379119873659186776343250211166084846025445488231
15306462549196010658398578543921194922332897913051564489815921371400376655492
15374920278441335059913374044144421033417626851032526544458034333565246831914
2323707387573936061377018731706151895551673463355017998838984100857163359959
8763825614293136074070194100490720958859071057754803255698169463529260604989
6460078619951263360498950096593765796985616066844041272594234887640757495947
7787749571541900537576366919010287855513576825542236245962970793208463720908
14155132064389382746286911268123763500605059883946776474093143918456417640061
5273412399684398435707041325417233001212071630727434066521150499193222197699
21782771343726562685905794523874393783448988772056027768682759741108535654588
2051311409953010480673263657665054154914165583084681916263406447692393737285
11875661765858469891704167021983258181748059479218144774825851054326067416765
21068403881106541076710977164706790160208140346094887767675202443752560686192
15758340092420689120259589661569467106735378390624556577895360824207644286190
6348044865909997285104441438862139025250301814988835887095459638724790173542
17932524652786058307278475190078972097828770914834668973535335630530452917847
3228816608788245618072625224844244257443056161113290604232896419878090903926
9551656383427589703749567396517141384933708835078892692797520811547619069163
9020946637763713728445703977273148745690000656147983844173946393849341364502
2943971707938849936044214925657955353752398302351355306608002652427585494465
13685248050363412502458409958081650237171619758299111626717716567774759779438
2868302441860272746035818268943730589208611466934920188905195434962368539498
12942754961762450702258615422302669970585456811961698112554744196254280397924
7774153016753223166594232439290374237307352882928845881491063153885238423849
6049199094489456460150873785624904803705527267070980629871787636829670320696
20845774618508072345571200270048422316984213457783733272821856328966613453129
893781271752145245996199566953390937322128434854461459523685354415462146991
18253521160421279022112163574719081086152283091051794425756555232523003389714
5830356839546054218884630677325272050228211705054095093735137780865196640272
465724850238100756077164119125411924005501292693566847128509233889037994810
16128424014911176575708362980592727342883849823936273728991741993116151256846
16294469866182032082852110477156803007474009685855833013024070339538767961172
16065302076211391028679793764673039756452069543133653373534107626161947643947
16884841668405833752583472630774457863811531316950980947099417366816649918715
6491186733352076588617073683591626846805330965399318749556699217006305107353
2905363039904017404089840194168764066155916074074586587258377722869451022895
12278525316798802696433043227895855967349302508482435733539545800309845622462
17314019937917464307399357201462393625411723762603710024519926241513301595993
17575148837153403621130441476206668397295797814863081080474688530411862819003
15471095648400918007606825575051718247465842587885842548618709676930106301461
12384318072593682092503177281279533170809948746241154089695346932340260672911
485123300957579906724434519828279717066415303115967428444773045074341666269
20783388705359037084238123327815399486599342641041862648140815340928809400500
782158089782171747510228803754257660300288627956397010472288943774913698434
3478639244366860518133129066736643188173227661380443503605881541719237123785
8117881660412001220282982503758841397343065193097821242261528946890929063115
35058721234476129650326366428341402515138917944396335645144933468879076532
16397938679668108498255642177027044558510343548921376375827648132906803583443
2433453154751221667718635947799318194191827076977739122814782387249355591958
10029257080729083671923349509739320383181145104464214096029001591053185820564
10656149073844062963681322014553075060763965763326275398946747079560564035850
16593959744982924702318121631183966060100893770061806448540495161947421822987
2068414540408163070577553011598011878961687148891918803076043034635892035594
7626934390068570344424013149524663454707020514194937543157326823804903603467
4554638618925430597188146675680715151198309496396245054063619103455584547039
13496396626587678250552586498039471308586222626132206600246125554024514007655
9386575758165199373292193827891788760863572720909068403298778509513288095168
7915179166050735066974287284338956896350001911949145779842510041370266325973
8167168351770465939827858686491835211463722244546741051891842055610292036496
2984855641991264563125921669666111398496570671860076360618117725463255935294
13345515131307851631101763161069239153529744919878592460694942948582652858318
1683899377816547722982571372970082226593844001913781056647398610840773630210
18082738493041031740109434905429676829872619916356658605260447196047710914008
3093627219579176143734483600677215286836843343902256951787659223143740127833
13711569243726999863512778161983125470458400981069655361767578939766971032706
2942999073656444791256166118886574877976523928599259988730412230442182398832
13741805436257583212406513632778404280140012772934699700695904335718144229392
2966496260001027437433299921197242880503083867421600405476235949236365134313
12214449406116917832159291589682410934022154504967698746834536840379875421993
14724028677081535225097028894192068729072210977241429998194582705094787450320
18532472576071611894578331306492326674151870705350144561012248059523768664658
12590949238667856614747230064159254583777806754508472794550424398198576585120
13228220894074693515947418568115512670466893414535562052872530653586084906533