16789463359527776692258765063233607350971630674230623383979223533600140787105
17179611066821656668705197789232102741366879862607190942874777813024566441829
18653277315487164762584377009009109585010878033606596417396490909822722930739
7373070639853668650581790286343199505413793790160702463077019294817051722180
4823864393442908763804841692709014014130031798360007432734996408628916373879
19196309854577132760746782449135315310664418272926255500908899397538686486585
18123132816088485879885148351452823314623055244145916622592591084094232513914
18436594886553181913092702411547018228276047601279727265790147051821171174455
15167500404313194506503404655898040457721633218143681920692711693000769735187
9437986152015460505719924283993842205604222075968464846270136901243896809793
21445376105821232747280055223032050399373725161014449207033808524504027971613
49684738714301073369749035791061182456037935161360748355432247732088942674
9826409059947591908303145327284336313371973037536805760095514429930589897515
8494798325496773219358794086647759478982958403252584257436898618394561204124
21251937175072447337747316555423152807036003235223125066270735279039060889959
5539100337780919206842837176908516952801756637410959104376645017856664270896
6297628909516159190915174165284309160976659474973668336571577778869958189934
12792263637464508665199868777503118105486490400267592501708855807938962470650
17254685306085558791725544672172906900581495686070720065168939143671412445514
3590396502942934679818900672232030233017710909687947858184099000783280809247
19055249881366445073616526879263250763682650596233071589085239500077496415637
7367697936402141224946246030743627391716576575953707640061577218995381577033
1322791522030759131093883057746095061798181102708855007233180025036972924046
20456741074925985565499300081580917471340328842103779922028754640077047587707
9059147312071680695674575245237100802111605600478121517359780850134328696420