1954546571818731885139861264947334230782822161673023234242993080695489129982
11606713580838194823093847718802359011098299538034455148401855555744041817997
21778217939341959600865514937973379081571132553754734185669152755967486158807
11867012199835162777599593543744285374463489953452947402200134749407575327780
20668200962959535110219664454556867828577715202494491079283962871771719016091
6796938349934826085352626361055311106987991567096993611616805270698773290279
15108030096316731537404525399718062561401239877230837132486990179727134215091
18618583058942935584876943765894457772128324732451762769633954204661267055617
7446958258820445329937058505234183740111199633995331064868799738609505041620
11019126795578266009911151080068316016022306110283709712693862589215772062237
17644961526468872013219663511656737898249108220341985100127433673616476030536
4959721361611533340499147366149623398780635086479466110353420780375692399477
18273613083607267201259595982191169247452947601227995394305633285537292365096
17816466502776842735116945485728134149282831962573761460376746436502757322332
7013781340485780306773324480395548266877763825891494701746512901494705653158
7793291197073594006386853421213450159077336220644997691715731402410704643042
3426005025972529257284910903433598760993095858232060658495826014698591260944
18530832095369567225742997294004908129637537286260217494648426754251364141983
16489909564793485793960504581924093693287639849995832883358263301067754354184
15126602449686250365534081130480301443166072957206187316416707568927051456663
13994979972845996867477162556668014834350043400046615820474382058282820089898
17892071176071030024436108339592708638442586845389229765280031864359446154887
7094246519433675669226318744483462997736245331529142696208838903133391196837
19739600791550679646703071148379836779124671330492407813260108679076122705926
16577895124793812992345966235533166228538388644746952252700985971901794098608
2190990407832635064016354900528055762572032133913345251583721394536626731922
10838969594099257399038118686024400001327577210604256394537002295046250661365
13742554186879139633322968994905507641568437399912823098239782636831322642395
10281113667801091149613944447670705624056560574926411753502305328318932013688
7661208680673970050246952651218127022141152720979640414729369551173790735959
14369836811580283035547554195559038793886958236571577920508487931208924192768
20603628573396476191496332378884772502350107937108583985752646932901407759112
19296916296835469264085474516279583782033370007674993417080564950885860980156
10983867448590555143664432588641225682254935452824608025544914671100236945380
5670198946055747149234813634846142209283829958947146164536023332201358566553
4904816432035963931263837796941455228547544800276020247096183162764093041386
928528370618860212551901809222389226336726628142306562102221490519648216649
8727385187994811157471310113729025912812882704232858255495018737569420129281
19909768217191699902186248006262494556099457367519802119733085801884256380544
10635786582281955931244778086998962127059196955758207056871772748744817883737
7140512340052162441606422433836236465795273624186668144911701254961330905493
16598081311443832517669265039250197623929992506944409626575335140315057620768
2339664320384903939910962081546057089170206846484766939921698239663651706239
425509623704802982425483674266195224640999670982140442030650575449074971057
7922384239142329258156226873732902413897900318612725000714450267548570680404
8178140403014386057685967488315772252114289881535707170540858306748328725322
12689293740944871195190670877158259851710828253354810002997981152414697198513
13670630626216376948528966598720909229691593992164633421606526176324419533442
20189490101967313329851160663874367593390331759675962821030507426149184002493
18209972608416650990264895614325602746017028678399567737887116829945804399280
20353660437114078502000672122042327871511027701339587880609263231648053792209
367135858451744056025051491593060073950844607000402056456474235270560576836
13355850760886700974133527239382497141869096511168824351814359808886023658462
7206193356029734986150290058613471641978817208643432940709861990432648635433
7885684183122679587266799938650213096329650494585142531776846669540995068168
19085115218990181267812208821832153255121894513890241319104580206329327134131
16305675470941528258170184941405206862153955794946952667798249341324791515500
15443626257895746936982356461453477742473783071787883800166168668037169561924
101832047855527584987088220264952346019960111874606050409415217845556024488
10576438072746903138917852030571732352003417543540340689583487864994727144138
5996861730264922256270512962050361669936822432104376503237345294243995854540
14877973900502178557219336745361213333854789301797456671201806787562463919326
14807962843542542498914061591358875654692300327506360640837865566998761281322
3133673265931719924452668737189159279894652423873815799856403146721022028744
2314426743898183021393131908284299082806555710249089245305873178073379019830
15353836455896084897563929713128028858175788390437902641700134508986437653318
5529981971838869469294842442312128910934708838384001405870007618574232226406
21863108219378799978996648633069571801923287451100447450849597846874069699478
6773528450923012634292634195479655092490402578779439394568805920957004744133
12150245180431051120309675366247495517352377611113958096501103925281912163211
11142442323884902255425165263749428309435092933107089893872191462936441527962
7030165611221942623542847326918501014233687676615371955108018311000952911338
14168907664945894221515023422776939138433274836712427741726190314020662482321
17973846874050037633502661848899122581090847479984048542694367819419188584711
6612448947387099268202244798863603173886774177350810153571814261011002084641
20765273984039816245168454930434370234220284726385931011063596091927027011108
12525833775624943075128880966259784896817535866921245846013552547690890352574
18082141488353658073882233625595393585704703572017716887747923068948432979709
12080205172928213829055364897249628749790838461826174687455161036760925324146
10426041417079669712788047630796875947997831039494087898318197116078426849054
18333367395418670733687742418586004501344157225223371831515062599898496336393
10666844346085567030848134043176991777319226647942683934134661343455999941894
20287202184725945519955164847740850432153598475156573942705745729215691030796
17942851314410450183054332374663618442963349517519641485232231950262698445043
17672277011389568686180232934337352157780343745417630591806280730146798908966
17416106918062278234521335281965623696779795380548750331807903068461573518054
15034390385078628923681181367678507353936042776187855843799428131823528700439
15016371809918204032764565101078018512566551812562861502095795302834732872947
8176229788878503959342848267153225222150151339952249831413185552792554528595
14202549166569309182319866775579092322766621157492056208423752359103429675445
6628758202046565882882491271332141326521031973243028104017889062740759748530
20267845326067450413789379016153439637066264448919236391605812427944953078755
2438946774028723892708023594952994993532105735189593503088246493623252811398
5327774123437518227973303235331602588839413198088244869937007412210139714640
16416517260868931624699960600760845305546648577328049221217547593071007584547
21691457642736313179352706050711464825492028639914839210493298427277168769684
17369736170805089474636304643282290719726533149056710536120639858255935606857
19460761623902421883797374762298555710671254062576987287084819867262496770119
19770570144034267396127078712986043464609355920552337517533085194608634179666
20904722049832148410244764905538463264520496768863784169293376826852051688706
6086931305514615639236334006857789100145606465861722355610937306339550862
5885641636117295888159072068000551173102681944020015073964039109891861226751
2197549059218467728366947205357858398035068309306368786367182781869500529089
18571065033075196607590252486530861399537536653506142751073877421696969841444
8754088881400442345643534933850221698544089985357770542959718766123813634810
13673463077059539437815915980077307152850526782227553623693374041649724049605
827897346385894242944663854685785871137033256170575635435612086616249561082
3256718342276213157296321691616951565542440296040693556287210483669841487973
18851058760089844863118102177423730353882359970674430675542303019981882750705
21009037983427297652279654800570889577926790955118786173230430780907667982896
19370673591737489444054265538393258291592098201577177240415593550679982651270
9712794467513451079466753095103777002587307366322848872714822737566534970868
2452976395290300719873209484043914405675637974162415011707015440506646332236
13967023770779438454858978860214792451127045212657472381516830319420403024355
18974770134907327058718913691556562240688992993972407935785848010954975834526
18005343276101020422248769804338953747590444642920980587346957205121649916277
5364199751574723768938730543610903684616886041855996090009230701935892264768
16915141432748433783158989990154900013143930156431056052460984382677436665679
9810457740455050658326943855759399108575402539560713791636000764640385927272
15711844859260073612371012979328688796642677336582424352155989490394966892994
2523486975208775388230636032695576725855997180931786065064150527465407276212
12939257203114853364537111886847673104871159136302860798643783368852456402126
18563343508729873190283517746040347988882591986176993103658794343898711153424
9139767925154848725661711816797304370425590863714334419686930754659416933343
15630326979358561783620795846763021145439701823262337294600523076394775855291
16709031855693747432049197217266634836607267701623669179857743766059308291076
11081746589259753124653594380015131650915622160245647873370327872758282529429
10263829532434991046602117509549967441368717347217075372460446855507340910410
923380097607272775621985864770232207712801803675470117823528453022294342573
7060362012752050086965449046391069479205357779670943566418766734533864254186
4238871118210220589598309748597547342336859622832314796736348778105851398663
17520061366255155846404852213753339526277619564174678951991892080505590972066
10513625869281904114245087023227471195681135249236672625281292889978751612829
8435396899666453466602702234562279601174578748121165208762270334814881381944
8088078454252433245088686773582075061475116946251984942060002979516553775360
2719987334353537600366656327639544587227927648913835976421439609622334518069
1024019320641379568207362641296952564452568447918936948059464814762366331275
13889412498086825909291896540147715217051215696137185869382874120375855480535
16901630530096437974516169843541514517956751790577876352535912471650304576719
10977539500432168331426791033212854950231005312634634920276038346698892818211
3226460659346175003896135924099734866664778523605375090881255390738403665617
9695421696482260394078309163365413177132015345359377667904366174083251929056
11269053203885423427900382169641426379373759430258387104391167619152696936070
5178750298399029508026924620615685679610392082191932524033828050686124044833
12845878982355860044505488053971997443594073436267126888909625977253125523142
7530981388399357124357431126610695946065175975095472306777796169245607001944
14058213441446348117716607452759269076404820355922112411973297063005877380478
825603012201903073682942337154197674883919500964784037574585377691889312422
10236993586198323123785803013039327931978354285685191819502917433935835639701
9438970111160688934509448828104684236155844660381402912193342504181825365420
11536612122721678319037657954738688943272460041908847457419482683492719528721
4048128893355211133472225346691072554088570917135573376272009214966234274059
17007960555125781716346334106074020327440615260084049810189285619997415816473
2935744638594795881476272405224480626548498961519135317809162650064622710267
6384493312721061401062408865799313573644091862395937725107886310975229942194
10507848115923740198082149097677194763453026968238422206438345199258995348681
18755782391252715265425541321566381935042481942506333926799033963914433188574
1622030934879728521636669415221999170954870898240640125007128754133416241951
19178897048453000979590659690957596324038669245300140765620928017217201486492
7668471074291870526245483897884601792626426080083647233981123797699500787980
17022938204221917796509718984925895198444138607270396412440297468084153383727
10938747411001421463106680010228586254730710894241856448408311145676137003709
1892143994611253681927160695719312882099525827316460372080933907151205825399
2626413664304179483436880400231214693597358131317388676910101259191110264005
10976814250018194880310517382191223839713741375476951941358522267556104616194
3267603976137604608815546917515683877598008503122930381370588099122094818035
18223585230504941070194267966378685287221743128395324427323638965512681791787
4055897021092860484143383650117982675609656498724344612791022670810747280835
18652001434191198724037217430343155151673545332667032591923572773249520166995
1179210983342192637294098069949454912191992256395734070923896011947222260627
4403412539347069757548448548289536146089860634393235869990028179479631393017
18208249577016536190404023195559477353692681610041814639755282640930299265764
5253459060178003600605009461295776576191151024266914967218417406063967602725
2110599375707753504956307604156004992055199034205281989577749327575131764193
16838175205667561737978735977781331049290662487428014461885404122880770700959
6473428079010461623647807107937762759737150259352991014918746820779470984847
8337370031139132243770630686523670334344396638842630818638144451253681713442
5852133535345551978469538570221409138541345120679970583582105205614182914641
7693908046708935218171096369565374697059710647347392990894755587360287791527
6754690467826351700887172852005234976131445583530162984365436173814346372178
4362899351088205531982963806583486557201252717995038448293398829823910923472
11518397041006514564038599401506526387562942749501723393674197214904315107893
20606341697536003623317613291213380804130123512962185582210369767659416485838
16897394754877405156789353426985842311670174197348619627467370676352261158652
11049995264887964858828368499123384474282091734658191426291499678845498016770
18903841016151023909305743424460730902070062204415137089939274033985227379247
14501632343069777665672565757138143573066425682965558756989443143462299059377
11936194426294671569251421865691095594275214629276606276242590758676139955663
8684782852463301178275527204056308121145836348455196441596832143888384190591
13840275015334112173632265864573045139112521216777064496416258170300441524371
8976112149735004651499648151657522459186187854485087924493254571044062238478
2557541446593153253492913007582627823644717754910327615163106890559828872362
17214289010670114093415697072867115184169717632618753776383803280726887828982
9277044732799923560347274951803854995664839245943597020159605756847120319168
8665104485244718969383349524127237156930430459852710098382428996861193438718
2966017993337369327831105148290320997881600321998609267125699685969931023637
20703140915572601301330743722461592884427012015286406537986295678495182028439
12415056396133226456247587270673507158810318408454307171336801889305959276558
14096884501745579659192341381525893498221351476730589189812251926483574089240
11380799045102603249740262962085086862746282867943901718244205293076495402152
11397463999860523006350413477163951990037313029979805067679629038011006323456
3989254560279764593104713297200294887781503399600736805260233256187721580128
12670526207690537332382598355517632246478654103765566238996179271593311461311
3183711571356392622250181639411196710255078687860623143026450897732409025180
5610846600257417510307213084599977483933519996901968341741797171439650039141
3280606490416179974005759319341626407586508917823138878220428529454629673364
1201982324417186063031536229293952219287079604094432487446300310977814955299
5320694228353869326806779260357179675523748849691821041819016623807887766991
1117900147109997141002482710095589298468009897854242933473562031850755107739
3423874914270570048663861326353594445564054387733265522218157141041404209456
15544724812507000325032356684034497915485954044805225704411638706645864153677
5773122431233952373926318394008190376724448498619094117536291976195311877322
6101823265492636176451963193766486622777300610881276372298697176417958756135
15795396300010870823125638802470599845845464744307444307899702370966825169519
1323789030194931509684647858838729962688902410898850967128356366290242773839
5751046064881673173633677922158261597917572500845688735304279201507132509829
1621252171583823353515150633750260236914561977816101468910968069661001399932
12193773521417435700759146251386454694422997324768376620870510312596267301181
6582582178277044206368630428791785430498389945338461249283089656681050213384
14215781677876725356925186332463972498447213260700771466349787162195918816425
5782842445406193701766362226063474843566378485612132749823957396025995938674
5452153017648783662501027666999013472879951066118424395570738985848450672673
54899108049022846277426184613878330780751769989719315816516065174629128493
8847320923102214377720246218239804718366581789144394009065472718259977212062
7818599458828105010909362503034203380908251186730393621503231459166558068065