16023668707004248971294664614290028914393192768609916554276071736843535714477
17849615858846139011678879517964683507928512741474025695659909954675835121177
1013663139540921998616312712475594638459213772728467613870351821911056489570
13211800058103802189838759488224684841774731021206389709687693993627918500545
19204974983793400699898444372535256207646557857575315905278218870961389967884
3722304780857845144568029505892077496425786544014166938942516810831732569870
11920634922168932145084219049241528148129057802067880076377897257847125830511
6085682566123812000257211683010755099394491689511511633947011263229442977967
14672613178263529785795301930884172260797190868602674472542654261498546023746
20850178060552184587113773087797340350525370429749200838012809627359404457643
7082289538076771741936674361200789891432311337766695368327626572220036527624
1787876543469562003404632310460227730887431311758627706450615128255538398187
21407770160218607278833379114951608489910182969042472165261557405353704846967
16058955581309173858487265533260133430557379878452348481750737813742488209262
593311177550138061601452020934455734040559402531605836278498327468203888086
341662423637860635938968460722645910313598807845686354625820505885069260074