12051363189633051999486642007657476767332174247874678146882148540363198906151
6387692555402871022209406699166470377527846400909826148301704257996818597444
5501161701967897191598344153113501150221327945211106479845703139297020305204
11704372055359680530622226011526065512090721245437046184430227296826364812961
1448611482943320179763394986273491989368427112997509352702795612841455555221
11429145481524962708631235759094055797723504985787912972575745356597208940857
18021858528471759023192195347788820214752298716891162685115069036283008604659
19817577944622399780828745167469547332167999743980557486183403063955748437619
16868980302925985719076889965831700407328155411673408077166038059874616424216
14717432944340806781505761211058502775325970511884444497202848327581753493322
6273484270523289845253546319956998489830555038697388950038256377785540828355
7726043103954429233325852791166106732104332590864071922310309250010129731951
21052353119157611359715869265647287129868507410601603360127523286602350622783
14881796557136180514390287939887071460258251160875710427576954128871507002642
16341327439981153879863707938117355436152690262312411284193970279829974799334
10737675906107372302108775622264379258926415910493665638388971468924879578019
17652699767629314433191915267767147860052614073432922215674211498672835339113
7457854400138129895665591719907473144796504905294990100367501377050420942800
2136850802972823585140870808569264373787409642804109426616292140046700710743
14029467347298896610468190615212519453678316548442709087191045978401072380889
17927699952921266007590534383984238136710494507499176330493504416180410161683
1404719213830610030709583332543456268094679432456284386108188509031502237811
15774757292079018355173698870903422490868220545526384876021336136892926326596
13992040374687149195439840459922227749294794072303579532004750946306028893274
19895094843870397064274579657905921299619388074084417486420154568847155746891
943833985612967248618844364501030453998731991825395875139617731659343743483
18334641092245356682448009823797080853859186519922476229272838591594967878678
12440287044655505483131716236615633401781045711053210640202766768864619378050
19130942564098572936370308509908873069169152245172660555660369853346605570826
13687979327148217614616687417475244897906227789285703940171633508277844471062
16887921327479880141959363366262254722342925451159884082370074726344024008329
20378003125024698406589040864014894045124234695859352480989552885205935609512
9961553412530901953022991497331082655746860319830309417179972582392489275965
17755268665220780466271147660314410613992814315871705414495724015443459797439
15394131279964876131165951719955566821453162041574233072088124095626652523043
12668230348320365182085867728169435383987570924921845106243310905832768752125
14046812111383844816383347755263287603387502282980410255379630204396960343368
11590093969266595252327261214735156204516524792938909229175092594303424141199
4623517074925959322927421514289132524032863498392441375476410779446526502799
11550389531965919926150256242174358326491059727918559332939872696684299343135
408487396317981846281976563618407581852133413686169882346565860317912856432
10717757571561029382519744040791773994731123262749372629687813122941078154016
21323787615496251932181222397986048515693661833099659753170924658480548866921
20780799310067873093555276926357624414275975377319941015818682052081980020892
9948385944800296129032348634683354181546876394979291412116493575442898426065
4957033413111065858035065225611730571499258914257595411830870977545212164095
5227254936689728148737265263965107718869714128941995977191096572191110991079
3582814872786080867997255427740166393615552773099677831398251586195329933975
2136737803483410555580163900871515004623198990079556379647848364282254542316
2965752098571712086281180512370022839542603960309127077035724860894697782076
1478525086510042909660572998242949118476342047444968703549274608283885678547
3563375996604290844805064443647611841824012587505923250907062088840679700555
15461452581843517997080348781604020486994675070532901120353124746087231692278
20472517020063295821544268171575414161230806406668271887185150097779785573889
21058001005918321995459971112208002381460494177332965873048074199074929946172
15805746645980285645504697043988763170971539673993759868487715403982423015009
7141240965656437676130015766799708612940092856280620325870466265817008351948
21418010338098024788434337801477243267248314524079104488811186206038748626642
20272108634229595317682817969506273496034097230124371921628691470754475805838
16734095147399743907618148751687506877774623133599770145304816136018239803101
8439324632051181834455499457268557602816180314723268640869118054114888151316
4953900961796661020464968131122569974581908893169105485631905994366550928492
18071625983692455679240094911529791119099077429122520426399552756115503123111
19638917592063029281156873227053827678889868373299664608974791764751784473040