5029285279710800539227619495938136407778783814400587102957398897867261120664
21661833903534656620291231766157513264428291380933208423519374035927473262119
21013170147855726227668315492699186959893088673047129690411646575996043835024
15893628062504267735591398483514002406192781085288489283447316241330749546879
9860639032243003377544947110034203265885715041305770375052648470285182020229
10431760628292478929366440566994655480900443273305000842144090945543100651218
4662341343242273661833461144031815716144681076466659112993661636426666579986
6674279191498784183427663914511569570797862586816649467168170855788360268943
16895097041920841073767278653214275321407577186751547609698446652984399225877
8168606076413192332279322347673356872630772122089948509553934257426773045038
12091567755121016869657080116466607855522522017768906776539212195551888602502
4684576201081771194613696765517034834984066296253124029929753160055156611363
16693488266039456124835102259365515976900969074532557489095946797080826193662
7638443036775258881709317582832080783911189229963788890221615286494482929025
10111436214822932149781668218956845833675824936886829015449750181332010388640
896682691957564465177669890535917423987915406885797833670239687119295318467
12612639059115228106858238115822505521432423470330120640591982767272085175034
1851711744209473345586117150836616408053748535684022739058625441026889320297
14132260688735080257390420980422269734275443926576061985351678038992087770902
487493866037948515547037886552479973316400139387425953088274857424154262588
7712516772901240105339429973116360243232161870164307482409826131312962380842
20295556720945067049585659016570679551265845058805648954004989969704769135170
378208946912325140295069471345064814132951473534378635003955801655986417900
15111601008893945567629460471315838423301021468457758533702272669431620017222
1503682435556321218669089857094247703956565058167121192612334331910088441071
13084874799693933186811120569396911285611047490876409383659779579088985591229
17464483161247836988344436558341194021876261750085348252730901647076441211862
6628743087463083391707355927377412170189936607932592258517748766250528223430
15153763588458144568353947674975114179172744555450771328418442212716084083525
11217853102739260248713425002157925483291370125178251466195670948291389406199
11275485266433075885440484136400353724892671196084163231314370685019444807048
20167106354875398113371399754994549089359568833089630824992752829251678891797
14151330869211746069130604993916224881047448810615413435448712767752320095045
17260356243574396880210370581740651566334589568095587416844511054569255137183
12436078462666286197074526218535647721230687376129721353230123441759960021666
12001627458343654011606323250787666795709808266974343548842843520227918922255
15944850302839498288636342399223012131590208876255723227505947857641523034493
8444103924869263585176528654612076203716402818569041992813095331662367021655
13015682914180762871967848617514355587762125694235380084430680565032083402270
16200183380426364054409550129683752323493215428097334915015688753327665325485
13717643109958965551675619584464549580820722892266661529182798599670194908199
19801725181447377274232761944437523251067599053402428862557912155522673980500
8260354277364856843022982286494019620277496829494935775254726797533957063267
124621144162335766862972192337737579448571172779117809776129849377329817478
16488884047551411705397223604196364132975353217876182634038895586664127388979
17336432076451490238716890901095007360946878388179175784603587179384718443321
1210338460555723584699132156502555539583432069430631008706741082485009017102
5933432012048351362807861976737945204535374770355507745694008880123055490802
5127952499969178010015035020598142881788437616516517827214405489972695632240
21100924218139544842807404598627913291698574448527131003096325470925085906016
7683521602764604419863026286445694988900727173175219514555132623764360793654
20928394065137007852706990901925870323120588543710137320004640014111073449000
21375535333469484792161302750563386607223088895810564711097025913956371171769
8663517227154706072248636076587789834246541965140682871530851124960776424787
9182938389356039217318590654716613493414550996824701664670650439783557720226
8327338979442122743919832154397496089418582414082199116629974300650113777515
2474727241701323049333019668054716886184808783449917153147248751503852312804
8543922237501430855864877057711792269479294116675004771113148647309219620030
7863611214303285947093025404346084345102544167615769255495752297507346719791
1448902069752048144992778676670381235906144579949631101518897035253311063307
19501657783346989621892787238946890715709847672294934508902622542828235185048
17076525025777667838921778388186176564387475624769926249793144074465528465933
2381176586418291387279201678056498732033435079507661703992537801751492053086
20723508866659831749949206314442193102431573526415976696387848305764994281574
17461795780729443663350296040956479984433953861306521086706732257263430387445
14849025218838139413138931958408289986915143240245452275066866730847749323920
21207204042106390965753782189145584243052148578812105334769740484186308017901
3105302592226642624386332562899903659948819667537402316192380465808886843623
8765266846991616382097124552983206033439769882065573909634090515268812396114
9950016446092650730639179912416912603745831292536616469358668786853463197224
11739731747351277092817771330729393674312591071236310446088293450266807414263
5424991773995591044103668717299468589013142114099340604018933512575789323446
14582885509715812510585748465607279869582209618804039923778041514988867577359
12468934763690970929325823037406509081405444759649987929912706732364016057892
2792793293657306144108993077959195845478902430027171873963281969527327256602
8841327809851437433386666692145437950603022633472031964220924157605803799391
7845859360796082275932181771457755704129556353505380746504571839006944723429
10731793207832149137187382442869034250153492853628224932026933458041993639295
5597792614864287090861003890414825257635680048696075527563498604714157576447
2638669099010916296300870639816763122907432841565512299246441500223692345671
7150832464835357604208338666096132398994318721877322228060899549998179405057
5470477812928960639347760417261508685840724903499112719517942324191018679706
1063854480993555660259858748055514950231824974684462401269695511649059715242
14508243449586598349750829047481358081191713699373322296041764577478835760927
14872220983064543437506211589956319796231014912750035729896461676577407407598
9523202653584689553554068772241228948237208444616905879849472383190180438058
10557133197819890801524243760013157188954914093770589635201319240903423455316
4973822148190287060777561091733583032026446820262414806412485028147721872972
12017319043066808147670914562193696608548297038020764496633388575589573229927
20958507279974171556413354796214800332148109902768069171659933168603089927180
16142225389165963605704721785850680620029805525816101628767304750729950332962
21691255103889531967215183091383836488808797368461467004501598817850515277674
13360009791215314413428942977255018953699328534302248245107197249816193370823
5270206696221786165451075835596925139630328202641350960582852969440862939023
2626561181956261201864606929566987806068271006198808163435823619705436605447
5520368836328496672510351296660387187466158872913871354651108826881774455909
21597143280250120305740582323272730661347349587666707484376745221123282421748
5891209530846741397700015863630938364586207627850850447237189083999656313978
1202436381171550812585103405636986166232789491390007497511342220946215395818
9920320882147650877649039705433660083926352954797066179512349368247190410310