8266021233794274332054729525918686051968756165685671155584565440479247355160
7947823415909040438587565055355894256799314737783432792935458921778371169026
16508811191852041977017821887204137955816331040385276110261643892701458724933
1804800467126006102677564831888710635194614232739335985819349312754063580223
11189892034806587650995829160516587240879881493093022855087765921356611070470
20567450145123179140729389574352706949280207113956641415022972885523439610844
4666756311257455192796774305229624459258864488677689058174087310651786875914
11389253665835451896363091846189307652796786468610595637047377864063404843117
18793736599347263150867965517898541872137378991464725717839931503944801692688
4206344588923325482680116848820594823631536459347642329098796888497153867720
1739462481670645248707834504605096139894257554120906850613041004917967456145
18514227342636266640333254638454588508118462110178719555586534011641424431745
17887039315911403193186866703775654467672391491657957999455462537283842145802
2824959020572825365047639014537190268717891749361604043531643698340708119767
12521547103713919592301476538318318223836047611311454785951907894055964264287
8658146183671258251984364885894342376430874614261222570603159082682815800788
154390145585284450772861151318029820117470958184878116158462181541183085587
7593705166056392393963956710828665339496927193740869686529339432486182720653
5529559239163081088908568555890212324771345012509269613465629182165427812002
3729910453162885538930719732708124491456460687048972152311428493400220125686
11942815243552870715777415109008273807076911177089425348095503288499102855779
498938524453430895689241565973888863905147713935369405079343247530256066618
3976257517234324421403708035200810671331954932478384823208414346189926720724
723540703523219510043977323240437576248315561543814629392162302024056718473
13306548824219676333032339487546407241767961556934015003605485324283250885682
7970147269291664639740298762956131361316495463191268382513594527221399186752
20633313939958767604804835838065337107615699351647541991788258289962727735454
17162090859520817529294904484646695645841022315617926715432606252643123848792
9181379842957190051440498041153333325098774266789773971685141362947015398641
7051606617662816798224904133351061549832959857069896192072217769241273559278
16619522548478824222688310091434959542211899852679631815023615875678448806029
14965311177811968100298579672135357167599499478246106482433786066289128683961
9792733250919070275775594069208673385381167169182805600474820364274865306108
2069253833779081039049908513863485270550301879399727430830923273191877809560
15847298987712771667136245955631872888473964330474501593909263901393348546986
12244443532166430060291409356011430759892629145539185535677568234713942157668