19647061463337916460942375553072101475191437675089764130648797272059706835097
2987900412319695329324667493933426290750629320482434345012869808788189293747
14313117549814523542459271158255968194819696107203500245376504355915249564569
635066671179149779961724809079155342626591882143599249747638714005480456001
14160366375280976850992425663667859199067402849136919009370279834492741756927
6973916440684075662378599037972982797550158082488606172483341283171694141353
407790128607292443078618781455551950270304278197678311107891073846005921099
1875793830194257638983834574124736838833728874912304344706772047211830871895
101555677977911034029979807139724697918613026657646487138174278033141465909
13298961474358064737775518932222238976786587146906206646633234612439936576772
6675018665213382228528485041578965344759847379196981998842754547093440230230
5085649234634970209690321129917296688853246686378177913913323311616242468355
10058141944442728296289308385948277117189357184119821310668675797744136293133
20711981720256091912789603700019290285604375596717389895155646132584571552203
20115432152302860531854002084546199214679745925822431241410388037137709465378
19426738311039094155622173280735935805207149231732138766959497422037163547769
7740589787985988848427674257205602851899971532434369842038308874897481875095
11072265639503386933704945672016505140436978537584329931993329650203494086219
6167282302581750408390138662907316184354012779517813053982109604767767995057
14593714320140781629003483490890381863557111469157054599498274206519671343499
17959188687624917851017921366866983692604241271917787434145985166811823698158
10852786592684215415216400376119268936907433212885674472022333115957039052793
15899441678259173360040901233792251513972059637300348276334545233380063193689
3640175378514868793712597306483649195648235320181954901691448087453970656158
19498930515578230344335483600141550927765501643188753803487668144320311818295
4153883544158745158953668931089517690854504894896391299015592025101035411270
19024468701496237603291237797335586206588375930028220273546773163298357041151
7469727364011292433851252680653746774195189525727608179319902706399363717756
2372143841469285674441303263292066347817168610069150223765733476276718069613
2516526351266496289030890575774410993157441063594813081137075222758309555822
20958751338961200084885567700868871946051162714262967700193597995642229058459
9198209373895042225521605474867845062450002141670817279014351290187429107128
543785608759854122795367682791595958842618445464321379849398930724000250504
10214529630060513503750965897811894289300014475522844219670830726679857175601
11576753654045835303746511804171201194442330501175712221979130082457712862265
6214928611453392028562534794962748192402530967301618657847917468183855957477
6248903930557664471829331572570457764958370320737816568669654972084840708363
3521559114442643806761280511561190556015853803605505266866910604261521098953
14207749404758918058098136067805881181486166837455095244160881284733449919110
9959485107346230833915817969343930335833003289106263613217998567268111531500
17002458248120505483758089120825692383088865286608827557586088545674133219848
9310286746554253001882911152696415122865977191166769045081952245779941262056
833245639626789987010046903814146615257437312131003591772116076699143834195
8257332153195419962290907487481324519003765405123021230564312430389478396079
15127724347963527967475442670935452967842333763417615675896327776913208692165
15791631600664089304301903868070551535052107017766205491164731100213785544191
3248589614829341629004884091016822219853816257771914825780122055933452087513
17215199223989028745431952733663229031216291778213241728328297124270973463797
3857684745108028860654397149812523817069881299315264066597992653650257401551
4707785116452305555993924679316564589154347100943642537399862884483438576343
19430682328356065477111453488344441289467658065205729792227680437122893422861
8005988640968242998051528980068908390083328633663970547195021707967989536508
1972474227742829959658839187518313253567182690341134307491795498427960575880
6504813065413498635983080741406156525863657160083764580567056987831449046042
5823311218891803691266204716746992257279538141703406410574718561307174926795
9892303067707797586148875186586047934481214044907972144908705198351662761557
20467423831764780786043971286447965746242601887189594828393353559483921550575
5337137105639218811346004301122986797373254603744281473362301032791465429184
2653918865001450389595199059314513619487087198676481143857196098234024054997
20026090683375374670866007502511215153733777854247692013299401340222837331064
16088029123818655662676092939046004587731443682967462740467056646463545748825
9880178757459464201483861677712096813007025248923714154921858424834034903165
1227858189983101698453184059397045112686910656353893224019532173573557918655
6965709790321124552058584230424761849742693958580766537537673695015364525547
5275724511243540616354496187333612866929959836267482390875038898914899476257
697708336385781014957549769788950342363636191998726381071876409126144042559
7274584324261857876506709208086520820725839679509101845928052585127373751594
1101072498472320542658663987709974387416478403320298285132888772486638626384
17063249509595154712877503960715103016753273139274556931196815282616091591377
20468232842910222775240425801279694589286852891430236774476461428028768660386
10839957331597622631657614186340514237771754591887181416690281526344756522470
1833441125433983427564061829081424752522350755265858559398836992598910515884
18955730579934733484387457001397648556717991843841809299503396866826874046919
8193171082824386660318148864436464606096456472585333569988889002087311061541
6800731829409783994258949782115883803874917294598056504156236185152975271613
4551221506539437319374784319536342657448457365716669137274070321896962382201
3888700085587860510427705376785182344099574784427861867496328978292244934753
8086322087822351497126170321910559010882234382816099821864406027930561491554
13275797274085199955841117698566970822958536692349164078040808025934114965830
11798506987450083560046523556681776539473600393190500985018551824337777992733
2379081429050928317988088394722736405728459402480510127050576787799908525809
2158947553437093664557813698796314628878318098916390925037304154608297340081
11904049624504424229914369023060185670359894203980447724969113153014864088654
21129595246904679929428089867320350013514202309069019924095527072919847726344
10893562472341509760161513998095439702562664638408764329166649578524495942254
14633782125268548143403043594739012390811363821154748677494041549086652426818
18155420130909256009162482779733306385315875131491307204196352931575522168643
12073522950076264054413053294532869251854443128423131910399999522064467473027
1433592116103756425832298952472313408701354429203600638317025112329710147915
2210939565463298865317782595691956567659826882335372151952428383797077275627
17035360868359161456401993589512915729326589319922635525934508061308509305732
21403800287219776827894322644981677663016408317172756418765747341745060868637
13463317002652268594305080031749651114168039804631789430404782211764311412845
19738499492349409431828527491123847227085394983018723982858408988105307624104
2012548380220619299131832783872761872147153098580334235039922730491934764706
3325274441705326523449614352431988173829782789776117744919906973769657338996
5261611144921901341966147913919865209616390993972727644394713260572315512744
18987697050242894331980397947115962487019662790026980590641254086717180862945
8658141027857622941054124779019043605220504649377920644749538450450805414621
11298428708044619749095290390778425959792777464903586113463716315584533582828
6730200291399992595132121834599191803078178940321882359439272645986988925939
16058286461189478903573915480209402516073069688039571574175048313793344696582
9740895146643188739739241045620497326490653096157416163918867637699590812365
17328668678982472669285290349933801381460489699965770954259262923597437466085
21089229510079204828717685354260991995629733636903215847138008238449607565274
20640971546156771190021485453412235742638585574517108137718546522103899393969
14758279983387100491873648446401986574422791750180622274744397880182747812100
1331898546985028774480334813742156878861378216830516346949642945416964272379
6432287430987511826080726363315893796139259314225964668680871966245781390173
16771287021606049252082476128446106722127174299597407353702759915141825150750
8558856604643032676967156921137773032066151674912302830855999926475047747086
3441849687388033123111488396776112259878496892302987380166582753348946609870
20817116194964519717309108464421257788806753886196720998666047916921548668924
19363239836951813038374327912605477961457473367759250309818663552575087804364
8719722538679135055399244869855972116946451760806505569767286592823561841553
18664054074328463099250618543796241821469021451703648566147509976488389212302
14668897608285076749626150823646322752663015099871458303607991619920343960884
8824985320268620533295858061606775496359110158594681923758227994736311199135
10765520116421824752776648993191019870707037690612646148788741126433863060128
20754227554163810768271776561488490692278680037121708279136293739447289576147
8507072847563043340105426835824153184629689984787563844408253684598778757305
6766982373679017786884251724806484438649942596522690604198707242527640673411
3038766798814116247860373387571799940341461487105503437312437210868806237693
16132175023628563044043762398003871532172614031006064729051923614189729264142
15583173149116838843387513514855791665649616393679968646432984027900294981739
19200443718712964237956082975258333421930476944060656325774330146577168149713
14490821043935432280588585568226041328772039440696419883978899443298638245193
1261830229525183456874822855513761625054204680497477037321364189175040481068
6528746667003363057717101918351735481714469206031070610241614606650021871543
16147698956945808666133328464174436996026072559773234518262594815923002983587
9020387669972688980419006674825908656426016085797207362353154226605692909040
6727316761823910734900206867002954254557029243225097482815337322560175181198
10066421681146255853671223544720366622786875122426340101570461526567311479729
18114193263469715956238812322551819970497722041025850638963351240642707536449
13327552382593937204593701292574430198134175441510741573417228229955049364251
2372604211171385703747757710474646305749482500024237878826421281702483230858
13257727745849193909326785093877285673934675536283265665870765530981203548766
6028193081122651452411463574343231811776375151328081689399842891316362242212
8508301356193721985012355411615100178521599009635936162890863637274261948848
19464559199695905284994131173285166577427724356611906328878634139911049316349
11574946347736941315258330071986157639717219704847732435648573723449097294965
14316018291870434740761571976364226850140038868497601980741769481529398163257
10918196690875147279977362872452345319770767457845834002916792583407449275430
8977373069224380198540140180493576791843577554452269707469880849832228035023
748498829648879147053737200607377785638767247375633990031472844537260809404
7873158704115081877804196477528352958470140833786962209738121862287852609943
8630532424574483719830065132415752445222218233997041715460638881404278125797
8690582614704926771670051368117061261335922283383440650770249469863376973533
11095347717221488007795836937657301037546485308926406743891578760518489637433
14135401679286508502504277387212121656373093920904597158275723422439876100612
14738090907871182095556666808390406734966899260337679732930591106508814238308
69949271807030541733792162811562320986072778465870031251424993196153906266
1261108319753649612663311207745706802298135850234573661502446278242936235395
16817683438765699400477322528948826720336276287491287100775393652707943792575
18841362612982270174762542916999427955157117780377439797570032391179795654286
21870116979686159000730008975387147484906370787640570497473602061164852395071
2765949947644452455039725847864010340741814376903283748968022076584286340602
17243705140322781483942034937718263695017457618400778609034996357553437986248
13677914966377093417490296499705767815775553283213762175449591670735007344873
13297897273167025228957171745153893110275891317806768533464851402665750442708
13343269561671098171091946421541340634645677702710756455899883309946421878045
14317554923995329326292532110843156058636017277221221405605647959782965284991
2449835610256525707119222686954432076774548565002604197859382557987062142872
17311927259294224200654531686487034697399582221230204382526629700762752029323
15886029754147081563564215095016637219622964863827251334461319377673888336370
12975391569205596000382467418571211360327385366404855968892273321920864753986
5192224731376769981697271181929966876988577937843948018413420047649317448463
10676192139479409715075805869252336543157972214291179434959380291895052573000
11177450837775344504988539319102121281143354970746599512770721409890402968920
4593200667847399069176143966880767249193687931869738276411303724780636851859
11038090380551563944847929106606106685586830480239388947878234434263502089528
3953526418885419728011595573117200571065709475826662733812952860173033412620
11423581837569206292763368836201420979900393158634684009052097987935130296343
20821758092880168608657749212670937227806187953778513378055795779476865339010
18497750301637542715216545677959957759969933594321504330433834545748130561538
12908315310864070359072899712184126229744818024807969170422172983759986468742
18124554128224712379655197019948407579501104121202515283344405665022477997811
20982975342803604005070898815103511622812678185245827078739170834137855132820
269825514811016046965635325890713556615518696022373524499024558861784638050
3147172016143608266119085281262979524079358702373693860744797997889998689295
14386832245166477008833710911810567249931220515383598373556096298357174022469
4556487278328022691163443795787718624849832853076824895328263286768388362379
12261472135716169178595791281788338424856082203277018628926152780653238868197
3899423277681311798156637809536718065846612626667684730473026778811334914007
19506309861341587023369919042973949592579256277585657370274971571040135953685
1364959409282923580897524375843789492029158451437094417717346158650761726050
16825446178437335546349323854223244861262257417842514939476542139147191650927
8507209116997169365742612629060440573797814488088100151461758543065101868641
15267004752470933248572062004321128218304784520473623806984809921883550707694
676031704648473427598859615894926588607941948575683685792835248653139785855
5619669402121492986528563034254744932241765329516105050276049374453441613893
14704798323824402102639327448519792804756861685698966598005087155126928897024
16320067378138810368504584396122999292945236808095532790918287639367557973453
8146733655224190459272793912328710535983522769849572460217349885461291275505
1038180418056776651442944028459510265058633383281360520702142043667403503844
19104250152149288692194160087229108962380481983770051876357439473931889382526
7003760916474780870091321276888809099928758016210575511830123521067523691017
10460150809039904156668983747345347198316841366879181914914418086579576664491
15677112907432790716289265075133862681087874169637399306212310599581157175963
15326287388823547786897864243344800490244989953594543352512215080754525987008
3009920542142872962638960374061083879344081833005888204328736035225746795718
1804978488347291728619316877980070589260679228487014904460247370976082660690
1328483773995482788116589592947585572244503408960547493086897090179230375909
5730439196427856076422854580234519707227885379777920110477133774925338997125
12981431367443547352573507131765244291012615436617972351790438163822109185806
4832711978673748239567077367987729540684018769513731999388791063624971084279
19167638139894327951096186708600927728591679782746822664161578344690189946483
9333793061773227893961520586484148770892826436173136355616167263506645189532
21458443518750111068075382716496819469049134888053123021475459386077573760694
10205061553685164402371459751106832224694007401400200656551443744478399832956
9830442925198991171494436686328858756494894392913894165312258843542937207416
13609869649628867442619044498926584416410429910199812031508542862339177409898
842857359216662427573900948838829890161571314532391785590044951074431433210
6704851129269714864143856350805682503777715960622547687053167421313207852468
20114446898395957281817578351485444375476540075666338352767091837280210668931
6130491715603374999851365684496448519606340852139128448851532580625582546602
15813600594451539718733724931622603275717510629305297903420212550967482486778
21327142130781371825633810115678136219928778056926678460292750153897861437357
4961568602907543961625596532526706517274095072299784820035412496941108876522
9960714813540172203971946479714057278358565379915043327324100653488017320531
19766028424299726292403979387148081559608033800073407130824876437622345769610
19128679427621049663909949398415698465159247423858348746959133844645715231748
5570166864868188450021144960131468276106515498742461735810689530781856406802
11574972995586621052272541749980259251569951388173301707052886832340902170154
20877646438494519923058752260065237612204466401313282232221152388173388627982
5249150519585813956946898091205522450918428396100844955321690157312140444303
2017741632554727420098342601911590665808744692822556685407780092354922864904
1195760854074467363227832424961613965990883686618742557387108941759791735821
11466582138640916980683611003811079018804741425452823176665968956853901549307
10985903304141344987201754580174851046824447026961915755527591886735857840658
2130569969210610976943124127703960718576010294778156297713757734434872381369
10738808247531379378397673739325665568136689079862172683794674460448121540040
20614646033198180892625991863201166456931543657809805208583071176938057085966
565997125213498936861304726982380864240733960104507001725677609359585569840
10632097546602816816944445466416073366486654512740953706603375905768461201631
12929362833112356946255271584627031609627907912912902502403907291451582319157
1034235212357952436868793031480652544314617407845212103021627643626485031876
19390762319422155950976700977771604452581304443563816543281343170335005291057
10630153844633439282958810722979033212891017579520387012386923832074337305798
14190876500956732147461925775340768352695586121304109940717530850819588911999
18722506055380266423054060346625995391170752586033471909467419883841861306716
3056819986793075694786756176651004538794778835114033048299678024064951583754
4672570536584218848208255703572454924953635491594309524306431682544106754221
17351556719883029551473146382008643929874047263147825865359162665615894766393
15361589507494181649833267508353254535596250253216356073840778948791727807159
13693471199005207103868448237123737586403755421081623632730820742927025187060
17755277847125531485682000612777686738631414648862078678723432159826928724703
5078737090654746516628738054730387217943533822956354885634428155918832329055
12147601749747781924069337935019031145159705806951967042421913575214356549816
14365231440612787726412058658929032228572314258997026523542183583106877612565
7278303658563994843919131396912585917500535615791945995381401546353032136647
16203755920169126984249498560164803107868240707492521482933949021054510520315
6791925607504018751125155518211487306271141824074365658905258365090537532910
13823494237593720607868138054959291887740146822262268248432322209124930846096
11009501160902109690977091445438703229756969339078969536565574715162502634351
14720462490975063947234490477382491041961626472580003583159938559677559185952