9531912189466476916568861603725087174113765795321185751191491139118805372511
19478790955972117697384547134063865214385101762783978876290106323878777065880
1060742683967616999946346623778902980408439861665078741681079083728753884980
903807389911706192945621790390189278582333785459643079682311503388875632444
12234856961774107626670146718644057065701939000315796085771709903680607765980
7144222788160875459149511026237781941826966456792731247241581603475033054157
20698157631699630824067955298548696950174021158305550220448729049898476869972
2568732479597962725718653653192533652726437462680484211279054254158600287844
15284734447838568972934847154537240941736455475374750484902463133334986327455
11481338136657097309136761414013103615752281785975103234128467186355727286020
10612154017018914947135783711517517074090274235061056248497547614631916723906
3055604116750189009829046286798613018321687824856056202070161812694453230232
15724356578668121294244613323219019733691132614053416867337612541744349705307
14233178571890186223833398248040498471414046807101676904418988635462870136058
15569884202072601673299042953201725479510195453493088500579693825511613908294
2457655896277475748047646151777860503559023325500398204274047419681119270433
18721554772384051287322049295337473476448259922773695010270945658995924622719
14475562052679553333706265906284533085428658760049287899372861273825967798347
15603408794229592986464670990674550905587371918421438132217255356917740776753
16291020844798157226549685169153735235751877205762229274467406522127105739380
1562912009705461355815110217333069399929165391790667011738168557818438924927
11269000847557922376283381139665491298931690005135341373215203639253515983197
7952882227157644034022652849613475711023423321505769231128945987664804912273
8477623463686474590677390307150152439632807913002306242882220286965657503044
16240923770208341542260111895431885216031871921759466016566105290964433552216
3342849074804996662671621919352322750206307938435597035721084610748972602222
17931702006999673813463835283048793204134166638699010505988519059393386641671
20775104403560355444897460398679593487716638645215251442678183285176599574637
5119120619161234799144523865081220455479981813019860080498855561756227023701
14966757356872002341966020507506536570537078023526508344654458912397759281515
4186575643717625662604368224196455420957673000117335440321019421096129003102
19732993039041335023904970539797704576579318087957672270477209415993860238993
12070985110749915673363345667648496564808814323429491368289711883810537898097
11426729904237322553170474047093755836047277723343283963043397762276736900525
3316549680511845723553051012477874001156246623643069548980284069093192393275
8181145696278572952623145148622555644838658979012817598939443116317742063663
5285104126733708771192424010645473580676014333664755598112717745696037070786
20879460004955312065246827250994614761073401947673232470833608851757692374701
9225423353187148331993357472363957540141522302215231248106234750413173980751
15882456781720382955442431000301149138213435084361689595107598612703885378636
740238561845104412391944006282242126007894120431256540495139829806405656182
180417058725083825889148913143008776006125349068680455724690397852076567353
14174293519955274733372251014027762210778831326913295280840585355009025244339
8589132560109336742397080501737400189892522466285798728529721670916644735009
18608579889305084432265993644262889161778187018060113992221234915464772250895
13255562856310211555141734542720764165551582487712004861593515585281326120780
20040426996876166323258012360708147873405329072458300306708975663127708222443
3623806905318973096995680510049954452579199046783492207512283522220396562822
11410684734000900004860241940266501902598169149094443542781697771532926351566
17135477854627682759515989387435395911766329083966273406049980901836411403416
13593359321772915930716800157828568438953037754245269488538472861500074218774
8851367853862849158416384345517193602505667487160151588020171989122435915705
8486258745426030087193511835657366486234171438833758681014633470174920075557
14747490337504821136965789527401826047053378817043597026988257648138435336926
5328238162919446506214025777104049372124957345257645933410622558507658284713
11965770224330607826076459132274399741504292999992921785782448737931531131492
6397958737008655664539418210486834384969900796875514632281024739857683313517
19298424785220686762403958616740155152857782164943661260316780711617884649980
20019455348785333548837795973650078300677031008828877476192963238765813699604
498876295068369039941891884133922605442597373275805987652958540603151502762
15673948845182330978914854481229214769118100412263880346214990198207268219918
15636974430517603355685549955558840639961287398389993551242671229593610041279
21849352155479133596816471850644588093828045783688624472176874329078465894038
3710541309080539224803365587698192640065043989988405183436118622332060826084
7400908409303343897763329119747918294591391269311551693625176644493777241247
19095563460120996369257805492605849292942048841569757166438202426234116219528
7450358777752652255259382961368280387692895530851667830759412613948095056314
12616362847029801456780520061399223912377922714639139395311897747307063246381
2962396389753936883856793158008198181187288822144777145656778061306062270271
20597083262311447290143345580862519411179427096464102505623468932397345199901
5990063075931255958499395880323163728626495197217954905778613462408195572191
9361904499252311797420064091418454593805808979929563324171298064587942042557
15745983602860127054098117502599813732367772584805282887983680577406906842509
12155753549127535852899642287036910835293646693799050941038502705904075221647
17784550108352452858546269360461997898333463961938370347697582728197589684086
2486952113321483072183664368099776164387734014933893158352223909214365526945
4903545427310923282188595180893897246459463256398425200307382903876773643166
4976787025628832138140129068285715692634473783721132777844066348049003658995
17903848557396420363857191109854268785343114927997153696759251220232810232708
4112316506554809604392743006504568448930584669405889138267627731770713169451
12564921445775298869601661793895717261354052767541351424764087809438338341443
21338339987232841174606235608205622863643553456415651377028015070388899605425
15088854240518267391884187352051335059960134381458770666979402557846290860043
6521785672326022155410896706891346109402758862672817874198014517122929534795
17713017733654015756718215699238009705617793897969373435335184169505068045344
17520588725173134454654213370481559878188684108641520017594192886986887410727
20370353420481573040209617326772538556774101029132132235011046989968543481853
1112630910445876674622022594317693604373148988518983600314476620278857862788
13947879294001229379895373879944689637841444307211953543137372048528771620266
19992733820130513366333925886960985070219788486605690639975080516132656879852
20463686239191469605722985205294798392601180601616445763439546206772797296794
2399836272490730222789561326076432853292090595513010294231690669763899804691
1034212741378241815550350670737161423052400169194393567236687087583799668630
11440929010875860174917763753574001672473682534215635955505970318252592490865
14189960926817818424784917441574757301766760887770685069486059337906765736963
12315331213328078044898516229848174792421271854142211159524426707506661472774
19715153274097520886062594899069030152815615989925596868748132112713500919606
5263645674775021082527379900656937946372398687742691252725061831191269814647
17116922705336407879424247270343125398621621836566941362988393678055183546962
12965075932786028962944831711285166109972351055088920502397645336995474504411
12016029264981766758974787101200878559176627961323691741528038308088561486007
5729800253105809140207889626731612970039128485797787837679696331851897001188
12918441439057112476878371772096947366502166083699226943980929800631997660377
12122801182972566919042281354391366131886072331873675435499031824985283406080
2001381046477673840829875588313268487326797326656965151814712798463828403972
19581992323872865003173357646589705276192927057599589666190396129558198469295
12032241883699803399815479981073900218390137511663730251199663857029681112519
4486673663248066106745570699596745555749344770988892121755846988206654958447
5880818668316784480273321916242537222449799562687899946001667784663774949284
2395463900919111658295342588362130947823185484448880299307422522723986076206
12950983061674357110606111858229311283119838941890561558124046774295323335099
2237414129351562764861995011211505967387529547007150899242139479636758409691
11297958435815311160313316754342324739290776717531068730041530178142477489469
5317255860197359110199894572100590405469568868980740298600361799734023336258
20883201721979021051679862781044901365707874143019054645125857460321063446040
8182241566037373547703812967620649098015366536333588850170211599244447070966
9597640642388296782056528355964209027337895123387144965957122193392739912194
17036534143228977344737945793420370811715806669058615712195620745133828881359
11612810822316258618979762480131695561483235138506664012253801075650313633340
8933421864748994361777741056369848147887887317449099739627452478628920292098
14444070019150868677613599250973948199109012042816076287250439535772792130077
1409252976182963241946410463334709182528602279352691338387472032099813179046
11952347912832393217697966069578145988700552783923451999893230696985016550129
20459418532142116378042115609733769114184932636063412849272885250416180990630
3551971311295052916014184741437675944777358383038912487497306982998424802991
17338671457268891559841041605089015291458737421392337141908035764681448452092
20968343054904260510606682646995696017767749421435540168583945905747214877394
21712394213185895207403184789091961285240129068046002376558625468598692072071
7634967402785998572909457534910529497063727153788753124164657866643377741907
19849927917300065970782875128524194424999119369431340457180683372405088384137
15012913963479022629048645986836271605475934011232886489828149973693122241964
9429717687014890707005420840742234597648724772846627377968206537995029096421
2567188197501474210757971384017028034832891166328657542206945684532913152990
8254698320328328672738727190211578815599233720695888584349629846354725718490
17284254811803472776585305793072871837922263190673228934354908231725144505079
14935255735939697495362584034949670161356891451287847368207930876840786524288
15799240079228766996307573606262831147697506141321254927976890662889015144612
6455095726770008351501849656650198371508317633852287113372325351871125339180
13561632639572229898860364095655372109051739280251390860766414218384828962360
3063643914261015068338656198636076696013594289440915753234546912875968584726
523490668760084285231907250925228161954264885492417167368043075448446094968
8963235882996992436242593243282162189452480942366129170093695041925502792493
2822355405499444122504244694377602321152414880107322020961544617958820110728
9900962978347352867015759419877923426715239847996616012083851486863818525240
8479746689369630997477042503538860863372007378750903762662394891426272525808
16389683851395581748247134197181679668454182692374139436248933773102047859911
53288238128999697340898456182379718764153689572603829218558226366719788005
19367926616347613140684682635393090785537600078242140764999539757098535716540
15865351283225378120524944291419029041302905726785499676495076019805256191362
3306541431760940351422576606963790342897050957331449111434563465335195596604
15691440019263506851813897307599578949230726834044329611626721124859202292981
5471927110529676053035425189646230106778686168719884591627642899285735629074
21754232156244379849332999145646221923063494235010275675811923863906511018870
12691978963824033486319665437354495198660382717956695927101804737187302726210
18287930615191907073854709805749959615454583394829992950666668999967617218809
19651897318700114806760486800306423305046969021116395207725042165875775288623
14108212236437313184992367338426565912378398742941435667080068116020546770682
16999325425454851471000400176480399381440753089661500361295692310681628123507
3115621817064730307934070024882122808835435845590131246374645701268123516395
7664237802103239138782764325077413451892718354904226049706189059570344004578
10628974555344045044380058670185713528581140293158876652923633181919907860739
14113596208322488293154755998142305972509624369829087071590744312673264784912
17464956897498328434098241327703906248729109105264442832066471889452262140737
3306236514619936703817193243747225028048646569484446722868278187142340885606
1623642646505969781806818562148062924427827461950798461560800231691312453957
20812904557023426950178015281581063697341146335603865156046444216576536158479
19408105996475064309045111496637572365855316086113347445820645560307476671120
19899769975875815048945884537401834080401837433178820364413791122141366658704
19592039825831921790276944621603771771915464940035526138844575559711905257984
16653297576149039984587104062729832787430849403617977005988111857683169262526
9600749907793807254814822662348056400280037933879058284466549496283747987313
4481371968429561669477332540784950497549507725682080986909471734800926537000
901971752662861027246344512729868409066847439697888994727629776003122477075
13205641411901359105414809635566186722302364256582520884685762468367549487609
8771921370123544696277176259984315154171500395079224159374189372693912295384
5174975161282723002634664972730414710732925114695376584668768207090019053678
19270513804464040100949263044402755496385234769453916866026752765439740596759
21159175882383323828715178134104379154154907971797847682741774730382256211237
12713085776674794152643870369276859988930155976989577699924346924648017649124
14416880591724909781230787197474161383703110620356522560207527702042764430665
5782775977590089860582593877799736603230821040322957359619681360364621989990
4476458740184410293724437897879594951652562625859170065641235900450054752275
2721806229175990973363729919729809746838498228946916302499795336059265315654
20919749045138523262313225773151110447007311142131682485436367417448435698000
8313744079461516868330165973726769605125778482558912200259619501953066297351
4735608165219550054732197605756732753518722979705458514715803339137012677807
7197734920840596436781335789800800949073525267054200029424794448358957228282
21023118349982419692339995216673708826739468972915634059252379895041124776477
7361684304536881013610906796097454038829033466585052789468836114776912784525
20982662530655024673207268539471241193218964077396502472563124088553292010609
16223276590978113205386347640415975693035764887550533934078089596214147119142
16855050273631391834996719887442993598537594692357829619807594900987141342279
9447886870473301829371932239272857617552029212858469830955734178259213680272
20832064076469714454949991237859093636177561963691091143340405814107144265638
8639667923938888615556970427023258757087537766667818930469506422086574042603
17264766416417856804513499340974616744303058001571461329697855072803549043449
17850880215521300838724196369662075783108857625488733013926883881070746974079
2555423581835096020752363625782761123603321345233444467023623837801470232396
287393475373800420687070196983041262901299109116957212897422666775745916878
8502409129845334137896426506380979458386453989629214624807418474240644490658
17018903560361810748608552810594034468026623560117430817297647108682661433399
3048293276213593502083356886493678223968770697826563060833194090969377703128
21410637907835525984647506144589609474305790431496436733818309371828966617019
11884766464429332615888730245830253775469158860120272524933094891366345545984
1404751133279371734382153067811682787285007352946819870030827863597870240066
18533103709771766357713924189614422821669511650512088621974348524596673777463
2245746843374377731985282335022648129668387693745835052018700591124673151499
7164798246992914028921284523335117888604816694373355756451086598952914018661
6547792475751145534229851742995938089417776974069115284886265458921995253635
20902177810420148842648372790754609922473216539157084210657172695295335305053
6725829188763173291829388608607411327488468861041838394166490103857184986505
14877246205681405878429147764831613204208078224683457409980647858475648710211
12044111044800943869325640584272709159106488829628178962818078442934011738582
19605231155471418918091518582371485038913937726379108169052428896528644150703
7703294969707260451899023373169584023358521879520637237253564638222384534453
8646812596577526500078198446696820195057640949335282980927180585777038852172
21737243780210633072252501142816485256289884504027720271756348514717163502438
11106629219138713431737722416937344915839184447234152498273695046605412717853
10776231601191535915748483208366958548059216019309096513250460388757814780540
9570793764533387448268417521329594330897759769553789809193103230402046525968
17679865315281322154038759337512810633677645281028940369384987651076506608513
20575490035801628850469464797342943234291317406364190353186174477643080398289
1245923103633930975302215942611213577964303545113844948930979175833556792302
14007490679559289327503467618330290757962057021886611213555145469946035182448
11028796735236022300483437389742268989348582903251651368706557599156682851942
1556450270937619861275756908441730263281625715497049030992434005539032147429
7378353234583563315614681819214067843031828330274954124783678863055213281539
14666996645204144598922205770204386241062541706976832276647424877691625110244
753795180391574509648864319525512763100129705111118203505048417049290278879
14153559413038217294172720643039696432149555359470735393924921410988488820985
17643076982867120574893553230100217333463357095994549461637738074442388603622
3578933943193517852178000450144796032210613197873582924120228282439809826887
15520463167953252157432945917399723977264972626433304226673421190651502497625
17211537329205623730168383274756825219539545439487707555783029872192419895198
9802003881898384149235538364488830129822967333024012959168976309447054827302
4277753965394311084543194762939932271526308682615262493526499362805330624922
3936260403240718180440931086768355327655463497858616640513270218914599723610
11517607066800361513856730397176372083814736323098377670788083637850655404741
2243213365229554429675654538157029776597503775940697016289614299870958139625
19764298184704281654348385808308820923079630109704889940202178107926508921613
21440201729469627284915716136426033084639303793622913729895539439609852676483
18865357344271429482320975819341476664123167289165510208121280487753271844163
12062934463233700754743031150573591813637006411260363192982014497532786059086
7253500424782653645261846666860267886758998073654253013071356444451212225059
17688280285743970528696341296072681725398428119833052669003422836815517127146
7296931094727393709963826609746626294291079390951795401509403882666626382710
8944898010968990710934167772370816765379846965311172103743060979737069116954
2895100563060833104606048044246656016901407622471819180004918143679777127583
10049128690674011365994516711808882356477362224046294433720641467109283787161
20809590643316933764584815864182144455784236186778450054494378700964393080470
2552959198983852034601282535517138215015669324552132996051383405020865478519
90024510729703363025920398892759893841503303159824575434815310687587906738
2438402150656393945636277445769226062775867161339657212187540106747284678617
10290839327200266675482043018636710429195359786802953032677212989307055380477
13366445998820331718698457472184546771717827833722684584206646838628538349970
12045715338147601791240214774093449384918104627310882799600088155093595426276
5295711531017416568724842720044505396040371477829249515344865310124246197980
16400063927954668864214504458520657934817841218321732614334739112437744352318
21834268150215228276838182444784793459928322632598421948695291555558497507284
4036405082017497222204927366812040809401891394189816634089482334837550533053
16758010699927998006904853632308429832737059675503937996784758385473294734767
6851323788614107612891077153396783509346340795017622764414273403342247098685
21242220940510077461844092816930517552035812681947928514550083154475902790925
13803558028343943472219115813916734264304316037691831164863336831915596589841
3876897423511600793257560948470150518761848801469200306022138001232700430094
7873917719931107857936523614722924550340227737594948157729078597073258431354
17791290553613199208672721864188024787529313403544902623821727403694762316966
4509080040196139117885863635009327583647452661266153933806446923314670630597
7350149044068266301432651752105457672961955568647004218727518439545294630219
11503072465150450162639608555774152895393875487845468619329760555955360089418
20146546283112595992038998747954746814923105695946909075842241737548546646215
3500661581148278300592438598016870333493992384875150415517341312342838567317
16461061867640825231072403805782329353930546739796841505995525047519357319535
17419473457085759867681212087981664406569947154579733189885809269345147937957
10330084554893529954763451132860402555512473901655458870771994310647661645739
10271306411842332407495000297515719691188342515212338700550984155237667774587
6010614376730465540824294088181704678570427743830238021642540164120787031818
12211956821531047081164047854393417207581329108889222238958146335322243725690
18026227011560759880520787750218090767851915271628616216035782860818091527867
18039053385352422125173521135868691523650276298214786020953324823686654441993
21572961947836757087236508142423227244602094617521885308238188781724980380450
6952631457061838308719934275464119179697248499343745875411129234786468691942
19811900079804396120677471049757957457743518480096470411626681111649768726526
163137711020707070877550733174177256426010367795106166965347507600009523229
1531253433144642057738530256773902523524280331634644205392973718192895734956
1179712150612295194734157884657760659826346075044485388437451245699680152105
2729710616419138683641657553469892671426309689560939345577118202079250084236
14266054344296739494440365684098525973737250786286154516241047965660978988270
15026169712587706365294070206936700891511371850326743083547381843796350317368
18744742519058537072956390943103111325221767611576688631532967525091526599212
6993198712278030093898597400393962073007955430382142820465138278710889662382
2553141820754951085470014997086944345325965756649326165555729099768987826967
9720940197604032044323074196225989267295799246574437528002073812640512558241
17856885570331180579712689563952926777618369125836010409080422245803122826927
9316647413775248445962902207564207480723728241070369123275732644991331488677
14494957198204561202111268006350266984666563257512595231100502951029167863544
20990514914454458611724181917618445270429441499421925167963524958552424564602
4471904645719453756418626304970674400441871174741396875599881395188613340474
4684361390046158999250125407700867527620809473388545037966531069883415383449
21702205249470184149930308057282607474924454457414198304211876480322358864836
14125417641286741606705374243071146588481196226954437992372061774013416347499
3703736300177825900679993762695155186404123107499914435631005694624510941992
11732888492654216406505460448043873705030240266921135732988822696780340208946
11933466978112969006229130396464073172307879223153980062784019174478752039844
15171000950368540171664824924290660122824429581656415561069429955358449308299
10369486846273450968605452628621668108353399309158716739554974304206007657467
13426080534643441487992009643036732384216019130391445221701162507604477874092
17202835976136422766224805235458239972845135749171745123647755691905320873240
13003013510914746051603710434071109936447243726946691715828935535255320452661
1672563195387555152025850519159013960714433928303467231569405674199001377183
3249806644396047380745964934114987054912135505311534093405371566690536038255
10852655605415322578561541069174913253244788503288539822168510897694861970183
21180450898750475729531605846185254439124003420647553715507766256141444893981
17598208134643261198923845998804266441503487273381944592003474913329048411161
10560430398658881239820534975865220513135495522309722014743734708940471341227
15940735766678288146218967299383564752403182243037693045705028442779781161429
19840721391058424508364187473208857771270089687968326863727366457103504697646
15270655938735284505864085399423312069359806468400434801172200215370037695961
1774340315063362619348165557959238806046379939754082379283600857530102490105
1931473872849034457489264575043647960104881629328524494861951197166741512954
16037503795660448209256659529206619750469738788435653064537663524466496564778
11157294725944164923451173319705000360949753554936504404517553331688337467555
1860977382172821235372346764481514761526862185187436148114012977011560461667
7554608809888667328824255380474433026692004240460849082770678269699854930661
3812849161473445621072899414157938525926417912914872301607900000816805333995
3248257538394266288019799770714987078883986769586407060306626631267726656239
8987711810247040851774885826425578893413569065851274558714617106373602624631
7002808931888012021033077336936962976185388694934605760542880449764655464580
16260071391005121724128685673030785454758719454582904114834030329423907463299
17301316944867831355470414388420250906247821380560618462329913428602672908525
19139125176792761113369565771916762091089412261263410641074341972472699592037
8186463001964086803315373078973607488567538876768905527322257145549601226661
19715283945499391078117757449557157262014864431503022516493444981357377102136
10201366877793384824708227219959809605313335011896439133665539069386849213406
18657679796594390529926518390837962343392692362549805385222541270238612706361
7486580570539115306934569904905950241452751461260355433571179343632374451808
13210602081373832317780583229140785143149759155013988676929972636959898239126
20547921916591862189543062064340935912295194861078724580978244369580188659785
11184938862747662895633149920437248716375494917732149572183883382335006977362
4564430184172465843641043220857544376847031874739611967386619487659896927977
7141474497649513954000384074955704105249233034539438859110223132506810864380
18152904455695511183625765039917137650094202440231199346119983777378283365068
3538073603808733813419298816140509998806938194073503117538238879763400661830
9176198085009858977059589400831647890975463959467315677036348254379008625292
5358677810755468005042017406822742639656433122059352601335552810789858869197
14917263528903508585499167331159661105708948785920472586609175307188322712065
17459264445642522670023202416244479198596207282984954048459225794985333792860
18314375996391380435570814127239902609672007999779514985166492867417826496725
3831982114680501270333115239154594098561342624259756350309439921335535690506
20912918104665637113589191778450022009791755974254243256571842103252066396138
13641033990672188411010402475025484333293999311081344333460071084676167264579
11812251882211406110219542299092601278938747815723382992634003397593468524422
6831378526897417143208721431885442730179700977603214290972417120210221051272
20566372962271447276247738296560940562676849411310335464134428317792972599703
12645078398048087182293658191360551774451388858142913314124550234755654392800
18848512616065065931619133098070120448249278799586409723288680340437325332421
1336951976108001940844939305921535183133161033109848951359362159969984671656
12850569062942139371781102794220985236887099863147625303610933201225464388254
17095240610637692323679811976243261972135774635008876108449261858372552686880
9827905280236638995189439521379169431346954052078412963417337148237294494508
21756974284757687824674400821247092844224232050435881799264172836701664225928
21071024335098050648915070341467331164448998348673899538194227711074199728981
4575704980288845009798550678411618457862054601563658773482638217288811407473
17637889149961283902802970141414602882266203898461797433796173000208254839889
11333768795263093043465906246853631488076833683398258097056018834885708094795
13237413177387831469342322098638791101575804381099372225484902457329675766563
17644690723564191319649063794394358703071761592119981992193950976485565800738
4591566130221102246468298018361020201365534301234509687763578673293960293459
16880258892960147740975242226985692424894589139379261939284621634132328476631
10753253761433799332298845732798867046726308621524332340930656512278172577964
6294042736878992012448357827249736553756583459648169754872627240315677645950
2668606416345354198548309314080005930475082556427535177631964192773305378348
5244780336143933367304708103198860683485779489995095073384345019218674347056
6113177497707123341972721698332981926287006839555002718473535918066824223034
19824522867272770281143825792424101858356781501070734931688923418771980499872
16889524920861245550560790459946848535789402393200784095555799980201051324212
8007523897573727144887255293212203546407757295680344011669395834627039767919
10043972607564040581522896355091368769007227979993058004755493078808025405133
10815879623965899246220301442969866254505652264417667341661157537312485515831
11534947289183790267549825879293816175921818072299730180286203718992863665552
19282679238458671513808783870622522462539288436443040483594699323647255140729
20993973658899710060621174143488118082242133512002997296378188507484929417581
2207137584463635998515616548473102748156816296061395772266322132360447742245
1906176303891379788266254493945992658935732580384991589403254257107793504984
356009908103458769499047304270411564071705602811825215044685668712377389204
21267156990661889558161221297711049481880243497825013463587260785886036981575
9511026544995595131578865949819301816364113937202346971334793771967449171857
8732150772674776446232653795368043280414095192666412295836279503085501609742
10433912179719211724964521733928883750833304291050102060071171195374738464494
5892753211405353458072760353770523366305643800457149832130812257775605711230
6072173732058843459603530982418555383917328480859906190255818160437636798624
12537411810282601586400313857613201485446415283134353086651901233218273826014
6917382548294560607950289035591212885648538608975878502811670462230179895717
17522466317865452308300593635805699602531255301383258028599652149794243037329
13441087273853521452830121325700732493909228483089386934391461759499905593163
16343244966838333682425984150791963916204788641990311583878776392583665902296
5360331632046740140575498209972912123753748791093482084409464010367952817372
17326261745640411514384830391871497358293487167841563962966663074154000109605
11832463539058003103012764436368900007479300735896611859760466513560696030373
9332530307651641794919337618798260519292245685937263028043423079258661105173
18589656636963228136343540063542372097923688201290293330159927366465643313091
19867733544550615468612533273987508641098463295160374186223389748717034468502
21122779377039628476144200947919650885809091682970982371472379500808529828990
3027016623356326893238890601376138710903222026620502687697483362378227239102
18688538985571458464198537125324538836996766056814806096466271703920561848229
7011851562043637216927989978271187524190844597096440024970832115577672150682
6976276474543022394298383474157051715295086098335344328214084449502467982887
17332130117530488369551999111592288939240424248347612731261799228734373086235
11760005773828232229811117479200618747574322788890348748345009852749579147876
2298592572354833593457878362078773063587664198044761229360308644323231458063
17955258451898615415362730916130728340133607644716002859752428726933265234272
1495160066997898368260698151648234013994510168440470178901776412293213577673
9194083678217569822513593808499809262580238989709793956568701401108176409146
7873147134182176342443626581580817861100691419143183095128784103924898338758
16767569430250994260298195321407617265691776202802582359934917139510241475993
21740623993440608033243076692676917908105712281956015230238773795741552902992
13259811027098062609299383180292487555512077058811432839971137250443197786014
9862179315713982904488948286370860706178740748908626205136774943873439543978
5283798667794826693954690769969228006851703579605314207478989967594232871036
4252584733067990475653166725237187089775889157323429734580856783776820381431
12973205666610532230766585121029838349435114222222352682635156927179891214439
287633827640277544463301235265949941438188349560881553375976425107945733447
9088334958857736274159987824864641712847858830802240840003039491617952671684
2339929702478917712535010770935571285116447513742167345028949204167372785538
15676860121778371383024352289403909294835655990865877574625753945822204636877
12764603061737711341313014678756180651482961849974746341425597804386430732092
4838308895208597109198370123135942497394705098532245211834944708850927126449
15227615340505775109084051882530634970803647261111629470904659446755110863564
4983488923883229416538630982432842594678976476580011041728398828823305128910
13108944499697608875788753758764556629418014383923261351989967790696566041318
12840723598548611269818280989252209606886290717050913748780108061152527561849
2952676596403552231673795576822772308483388566436384169804788313391241403511
6122163114479319080164532464109940924328926458633830912986940513870140253539
10991285734105320972904604247873526149047475605919579896179431815938092849653
7998273930160782917435322581864589776803914924450929021174489205585585635343
18738565009620163104846733922742158284630011729404799909319718271414375079555
5267789578561581666385683546519898747246978052550117863765974145167441262779
11531529707082144080873135819545917882620969294873081450175882450957416920799
18780101368050367674291690806832757013309591034560713102040071432479406757422
4294785451272921756656022299749163922793391211928749628139961864310109196353
4709384663557124742915933403093691049837232917871836683405730215659929289723
14881387167977166163300411047605462807380624840482159906092434632182882848470
17882364021447094903093424534075826770336257800280425962604559742290433282224
11702502532561044172145178834042891352292518800414731965233576503757342967409
14059864978850405613608096166397211820819484772138676470000521070869797461865
1780174207952381531321288553792322300359882548955331030522024911690744446923
13028727766195703514931384985263026051594836628118028800883341509333550916528
7588265429164678210439639249095081332309245305288210445601269417147124081569
9642265589138009721420730439928969906364025440120910401773575492361904450076
10203823545087224726196594521548654230876294164502500177215475003344697986058
17120058099854629688232575694825768634386944759592366006492580522962871073389
4222192359475448381394699451673800507222765289015074154697111370954996368735
3993784121910007141124454385846036053674166308991223986620192089439929299772
8723933019744566416337803833347252328328807961776170035099333968332078001000
9712660217038548658606833881897330347907173853654574936296015219821374200265
2760535358459121107870901826259907500576486637522442431581134088651955908758
17117109873353435959712351313249763994000699552995926658366410602189225375298
15834046942685590805387820842211523319635967093317938586307927436446892526328
20540611330857822392080560199608407622162192943120548518785800532555099780387
859364761671967022958373408533303411107861007743219314752373993491065278500
2969887420026581030514962118165604753428498019600416703008438822193590952680
18165207804423071202274226128984095583162198441473954125845000361590859071975
1625906472120027348769657238152772240899619610263515830625917309020852034930
20463932955653127762144495520150037479624855783264043490725916287067071124695
4638144661708592747026214570394653618741348169520846615537958570570478926642
14161574596481971299443338101939032775184122775644932228990090697003591542529
8347184524978696917103428134030602422953969299144482352589164719698955992623
15813323300222999983430155647025925955486314051966513470055962106024932062990
15881789235120065904292616653574390818033995432226550640643889297228035707625
7140692095240485283381028349925581289679980854833888018152159900503732423858
19010917339674038277064587622527941116247281757743905062456743932291367865210
14626089726879708665184866329935404127909714172968102824599946119716141024551
7794590602415713436531570478653055404401179384350609462543106242181653823825
8762400452539506415642761970628528841241237486958209742944443338295503154358
8591771034219068368320608087757251879675617969654197927442982939795060041474
16722135923767200283514351262528880285637400101562656889998995533577538049598
89464124861540540773346410834052352014308242060847315373495379383140228595
527363371365063907312062782674442937761539145521639367736772902232593392996
2507841963726490485511335482108618130879932510673214677761709746737826243610
11600559113928855816564236457966654301430060930571013803772049573600205529037
4588632959705258135254026492226920833318427708514752831324568512946022675194
10614112216523109461118034753484116653637318222297437542653638803709000476069
9172525851971416839816439437260881435627775489982516326698553647792223169716
5792656644651436247861358501481981837063028644438334753333821264192324104118
12896881102412475846285309217744373816727588379892851016206737393174951411645
11468716910877986153680082696909131615615571055661580004775449060276352989554
16433370238306953119452573705529989067794419309147323079675422756276020408035
1273883504219371718563834088540759123243117439006904940363157254976913033897
12035946135822991823593467599431819071656367730183582372112230833767543617935
1584468415480349659495095652095228645182004993793756033988320959253925346826
21386287619427343417104905630296265178906342440158736945069239788114458023785
8353771053561995945612416527531464945642582086497086814556341372197660908215
21451387710023590786286131498774138351594763095518652036485484549943942198584
4310607037909191923700937557843586755810945477870372794480216273434853743125
14760194187040766562518106717503624683554510559335502353786749509033100485706
1989722256243159180961728174407914946336713030784288455577084756567680416269
6686508185527220254925691658356528598024140978521686081374828691583660936030
10702736220547282218129581824426150350875608542279410979052446031034395032616
21518832429688884430739158604898893220375510075322761868526168806092202700739
18894734518217824473490018310535147336620281698236505678307171602214420149474
13651080497325379255207286313267854150042736096310351308026009382931418587349
13005423795701931110183481387065874846108794433756894029607220148510576563022
1791508640954698127256430696076954377556671221508186631495000025000560314469
17328036510202475587667192203250772802218778208191122529787186719212302087427
10657963758634548274685968417226435837089760791121929723402922305566484150027
1373906129582260565717689440357805911187492936689152530374097510483815842229
9959127778329368795108284764279846598110110516049484774588901738715030294501
7658768549089819420025961609972525260083323240153758777076357709438863924071
8556349016311563259984530239150734383111823917689615136867121162886430935013
5584784611907644257624218172047384219563403421449130896517357173082649535408
12250428484720929053394094480089037225116943346244386549438429776642627577081
5894587027805929865241808030013307622768224687737099108946198448930484926182
4640000227377695114780725548825120725107463526354871525420448370293105443156
14209260856334030476503172714481690115491571124367768551485878619193949022436
12847259932859893012278918973069680996469229489435970735462165583338364177587
14707765228045361126133465815432967736466274565508518646993164305646449611538
4776938221827642494595066454007024055266353658953900973539209110395754289252
17345634507638246813894504405651157443245008745673515073520154967327741083655
14030342049076255140305545268617582878430218358427444316024303212302433090888
3081608613732784391792246085705209806228642369232320349344206761814264266822
6925544598968002128460287121334907968171640408686960604018975554503413545297
6436833790683001261207201071187060041301666725391276179040664384301147754533
15822971282077757697408895884235910303980603368062126288859779292088533186609
11405645516905544384081084440311050207481018746793339445931815864373601814301
8057851956466271394801907096296448157702512819801554261185443997708792484686
13400701029177845728937105456192536667124279186738602373189177143094323643048
11966218129646969536507242899486947493941404691279766045602150839476320695158
15426703084090770508053125497176086377457196612492405232875849008237608103107
6284964429736232174040445851307654679317453722810844133660225254133335862235
13541475439682330895175095901646773164410091796597408681295206023344696136380
746760486363018018017386520506969904420399625886684141218702464564311095236
17524104887381990279039312517306518062132617046713819525042298049738730617133
879502104476554315787832344079612181105511927448955207253764010183827781938
3322243116889956217287455917347322211093649776443788544812848110324752380511
20993304704177227988946248236539217504266305909163005794546179470620336655896
15297086470600095823350435092749336605284701364464412627268330863173424318784
7926831990131610326614433341787624222916431629609577848917665290693634271603
11271157869866761687706729926953398656059815012440629723619426315368733378302
18299023753364987381538199358983670915973737470621191699559419975990005285294
1896523269277706381575521315908503178186583134996425770080392278759498041496
12890346501512276297101448381578516979954988837373044432656264176509301317397
50683999778726139626379750772467319774169558910797110829251191014869406584
2535823474764747710030290051647541950275171691698903262059516064562837569538
21244438525273542723000364561332886617309030482024380299212725538173747919525
3566180332124074953578668480009215478053830658040437750684892555496819182968
6934760873335280553519652185111971021084408206212600990256329557702647231767
10716990663016621229729175818785901525044168020825517922453745625674725718755
16032906457960033408967366361214250817346739568272864358714497113973437241307
3843556041176221664914001975628278428195138883854078534543734996192939783081
20159201956050700213417267403145919082229292739510798606395981692137742005549
3946206250066677142194595031646387588831888396304269420593204783498093935566
15041638172488186356886629449548027800133537204416329580391498341162500701165
13278796648404195845011313500265526847654531008699937318834233691653233844557
9401997027308433525669054020953469816624994577441846092561461184007344721828
1983197599992175511555068756140439953159901969155075046465287261273690782516
14404434816783701517710626513536590424905462755924351795276920360393132910619
2265153992995968786485646516094566778663253373238301922539677847420824091645
7566790081073938501935204486802755123563765476651717380300659543531475311797
847895502208273199247564103189534214890423186204714047221696858073193176165
11963011786171849258296957535441472428283852585041548938428326288746833247421
17377294274187023009074658259347356248383537938503682836124988411002248431249
1025753579901801011233785198665030697958075722777337374303401815648687864152
19284019504590857558072823196945292661333776228606049953803221551974077538854
314204118013777455817026750462293710777754680076389729833422020056750157783
16480262479960754021966845575947830901794064422051876558808623512389290214607
1118467174052506904085279606913979573425427098904935496893365844271017524128
19632743231294128529717484081406317899334378150630214776880617163102648968680
3911642624469919820429547144355740104724495930390962678347147942124333228884
2066832981312040153658964981292230050110396574171753029116180129049784719869
5311750082320962006044746418239249402583149931726835813032955695199748985964
1668605805291951132468779303736499626803321838797652736089353191224211818512
8117527083300107176240321998574781132203045054266787492339353711594335529709
21295747743511951700871264160352432803897824342737595930859857743511472313518
17388383598447322131131146498858701344049179581377651662282122447439867066027
1285164961547283134680842635704675169007050470102043475645519044978941760131
1875066966449664224570600546742926101175136253576702799078476168727336032193
376316574400845651365366460471492295014146006765806307181242245707469972823
17926797393698382320151787394969682377223530524132422415508830165925306730854
12888413344274698384267384086384474622307363694087246755565655858542934044367
2287154516202749380541196057272317720805230156010471100500251268302509398358
12091269896021030725381711946583875149737687962883250402694805482865888072651
2866048333839936509265230844807967492604533527765757660355779329791008604324
11835071699154512268334373994146252361488263767766913426957050581680705629365
9769574961167512396467538163460983111263497516872198932597594846643533678886
6652717430998307400653769850757364796566010885765190753303419969578998970914
11706514210298927940240806568375915039663039872151275540599047371226868127844
14503173259289644850389467422758670421081762433800521230764199189580041755978
14819563269715549434612532555018280611140077716865566327825448288943759458075
10680481968851597237106707337987338182186447633463836689709242917734021556532
8842568676211857695295830062491586931539601201165478151045194686251206282625
6530738090493870852939715092085577161577833016969257865187421674974986108366
9122348442271830670856465114634608231502719005088669868106730029655164877153
8276880496499930549062062890222235677345093568048001523633692507246467514288
9159103567267771525632277936018480854652194329966882107551346987942837974086
16469319105211987147868896414457254521940280033150431057117354850784171354412
10187807714948737954868581824072203418416253898435396377923197796615888421106
12487902950231724077418777903531512931204649041424531773792238730349062186046
7128847500406995361903929050204217572789701023482188856789540128660376992648
5624482939513897521205456066520453513748417048856589163079298385117683428424
16435310041815433976313715464222273283215148709695464992270777828213079073600
6053110243546717824144224394047966869215089006720239359415188827006018953287
12155283178966050547567835509058470201630806787546132608678364857190533906654
4516299433052637321210501303761417706907638446979735686067715866937355560218
12667848710309960989666753249292981950689410172688589690222261363826904222200
20798966719534261926649504156624517814254561351583702314533431478871413942185
17967549743799112209110259394081841952094330269294500558315036929658897218889
17847714150935110939206476281446907230585782511584357788270839909827513843593
3706525735092193828297046649401002937097518714707649753675691741717374375329
7951431498272893618049118070591089643051946670270891223821638082032777246372
18050610739452223409884731462410705437134574403721907246909018802102148878228
7681233452521913704953218921671929208806506209990716853575264423980840711485
13423126358538883907022095116894303361057277664724853411599423630968340874618
16385186307753207860551232886321416660506143479955163989130433021552655688751
19863338799254785908021006319182666048802363286601429063342266271260238637645
18613864443384979831007688916611349052439959929170133474546815634162799183324
16332951432721718166552572222119667287478083212745997662304261644978474988848
15183520838042840868796366239500461619005160337097541115133209726620419190272
21819632461581352219365791577295628387565956152415171439862191463144627141459
14048533271709057229957508911818231901369646548751751133058494379648714713155
5460165509823151384714546779805746551465260311624889230527298343216031522426
7812320479950772901428223193019468171803323319794359571259026602925413892220
6861047298949697363524436975701264276161947671796912946484193048676968364570
15350000814702190667768044439440847568690389883802239839819456575900015807805
13617689242559757166326885110516025083265117478902533337635065578646035372109
7476843340092386505769477537028758806323421556263090744578424892783190404262
14826737006932111183364733677544376863485041173382717893595766527131815613201
20482222533304950354756700764919164516648372491559583778492129756055561547902
20761958166613639518991371846609568602964716408676516216766187562459779452764
383428479364004198529582849470440881390404766297544454256885030893768964772
9096063532469724072461386558496798312147772678120608720218640484115240695555
2933312980053872879818024429044461919397766967639471518371949595510364515880
9299316327986512295931957414766538459714522358165090755549540858707887390215
13488092390166418062347006407529577052576958127764741552594028975338262414671
9829077383468426688376344724031102291718825262406301642537010429132676001524
17306252922949843274941351200908184305715966839608017699204279919732909328171
17087445274779483487397521683084452362124400111143021068068404568736590545834
12957176730411938817539171430465916443660534484629425102659921020718336935547
13051137677735706323786222675600013609665436923061132301167672971485926193799
16896405620483797393236904159048703206424672638297382666760526590725313874095
12982786219003483259026043754729673677479461289605569386777999422861331902406
2025152781178874327274493576789397778291707054468278801142821085671743579422
4335304794121497318666085856101737871981186359433585080678838732369068576376
12639022425423716913754007933194900468141465623346480681305462334218095484056
8623058240535559764777469232729047628411050024996927445391922152785990079007
20506335897603554545414833361572976187621941529253485759521266317325651663673
21253532477517846630911098846446871983813752932337294199438073014278982612265
7690372912700906813961714562821752274841425123411432854046237798188463759714
14774079281706150157728885377093724231164512116594840467791057304501073046227
2057509476014278951878531863305791034496952436217061173216277825372715694262
11541539364361827516114507593054831030438985642093836719960774810015976254752
14751271529818502394785288765886130704541730104426205431367858892918636267768
20653824984831671829709191706456216192511770845470322444515326861038843106056
21794617070379980226628233360507465028625654800811478227502718633923944312665
12337675699660313500286885345145964244870355316351529815248466118884457457726
9527268832683847687152279087478212995292048665053951255936397859316414854388
9676848840550815858798680133955006115514366150476209999729932493584446713554
13718457801302749437654397628557435190188493872576865462727587887532950355038
3867324761996955514268635801392015956546058763053808698121442586705196957126
3945177530905850250597694151686052963152292050981415927393741981018273529029
9473309264240097344589730948390594137445381539328377904021534848676986947654
9996385364578703060792470002743943020203968343080025005448261317627854389642
7671875350824730767796781844941080563527207835942241721783016221076158519589
21342545963270813418079341151020475012992255268798567166496112378940512106806
8273987785742417777035293384288140933989540189974521462819168552306151314447
16162516432221515902182136237589464594279404001688534734264317844425059661177
13403805360231306331901242144909690435939614369536490494604700225511328976179
21640586272648741017978258285249302214133507217427529405059807093199643534960
13103298902142682492657114828016226525668797790480257241873358498200705227711
3251016042668618943397347852790038985788901898321438389540422820491143534512
19418047092207786422594959190763286166909227118034848590779428639908706128141
16018739283901993654877226905623763753431466873170287728134253742237701259452
17444946939314191179654576411859454283526068144165928707555552999432295774923
15128585121813842824984220733706899232093493608422847549831681212432769497258
14256042951767483060181875165067417249801798477941578288282791927486641413650
9120441102041865153472829977920901798404277796873323854759847010789551358565
16824614118285494743762017938800453590083305489658290570438237922163546634147
14066296536773839458459021526010711790088172526749593960873828093107983908643
5017173601281838065126812757441844223954524936921765951283764327160567691674
6254306109691187702602819001106221686689064495376117914248886700342291435542
8093845266500847743481398069264511597137596242374064050252920004891985410254
3578536483838573103029984288079029549393340013685219142070711310306738904812
4046636520929111297180341957015914921052723918845140326762981717454102872515
7446649718318072281388998859356555024817100796345520325890349758135889404482
12366828085438268177090003236704251656102820345668679675414643578247762288715
10235336658636336826692093860668421345161445948384101191460476320469211290719
21557699385719674753050624572282725191612933706864216121110471118396873804204
21676195031234643974566056999169564975565168161106308063972653296222128822558
6363029841115916180506080615867336124807912331702908898766344258887335068638
6363363442473598630315975560083028488315295047134858188348763022659100540644
7124701104304155953181957655778532711129611550814127577450223681003954918096
7205717562822389401795306034882449236003182581929449060008168502546885140420
9228704321577313703028591075278114440418729713968708821922150367010520752433
17614180549151511016628006398127365390131305608457060951973438257438000114647
6418032200333926158639440620980173724897942384057810379437154014285875236793
1563831431103246736895130173427149853201118983353993792302858411456255839836
2319462743404521965297213055024756354349733992588917297296444679195296432311
11927767606932195981021511932625975307755048477176557643420944859867328059951
11544836785666122785129617591037772824479186137515525949187438698705551844116
1594554937757396474339277849284988438779469013126014780880063013190163371374
3090898925598297656723114627648156566177591433413115455417582215942083585019
7446365483911748580722671015415226813450613606623816089630076567220802142731
7277804562221458254100595374565579800145724793164291138831756170012315181874
6742114513180059066582114839865181272182587124666919323239785847603969045455
17639336822454434815461281360929380680585323524008927548062809039584978130493
3577053914395256679157728351997326335158820293078866565158939674077090010647
8416461669288393104752370629542582785060946946477447413022986748926853429341
6094400991411029253990297530870616276561743402531435382960598226029406844554
17249210115827920255165876773266699947215322191164909559927557290769226533383
16910579881016588643870584852395328514859173042128957721312044020554328803878
18548800605828674358041671058553674062230830447893195908258772241250469878618
19911311709285615075760278233929935358167599770457743440215721586291252049005
14163239340563250030474254441824385465013759375574504142110478434407678615583
11636512441693145656185679602762396225011813780067642639202962721478584613773
11627821975451263242823912745820712501746551642630006051017450144021728526893
8744830043459757570443313311577350804214757169018319227421153827794333111861
15502529014760684785001315229904504412899268461167235130234930235025949266727
6349631474781311552829280885666605465500111601027794362415725063684145078154
3750521632595755853919734934063554601358504982902984744970328457148877834110
9151149071511054371049219579896119997746835784236581257692741291133486546793
19272083712610290647942715418077844472245445971738771938657138000646231164194
4825691749471936225587218745193692386291702673577201485716323799193545312215
10104595857457718843210330892798628518507052980455210862700838136878095844947
583353789674136864282067863249996585561603923757420881823548159264798915805
9605601189839871334439279312434848410060547509366999421152290140420275791851
9086947882810130237770476626970553738390827239675874433366363671998428155733
939087130792625935525433768373221635016459152936104283115879791761930303865
13281505022430256926767514868008519612680654933479762886734630854898956588159
8791789091182070262897704714134448615861594471173394864103714557845783501440
21362425094620759937169033441239641099917726266745789893288044988022041089124
21264794594588373773536904588090499011630449220310853635095227724956212914745
2201440000983888343103152416697093803247262395826184450099145084240341640621
3661470436482399872770855708635287053510507688269721514323020960038319367739
7839180633039164608733079650881737341586893235460147432870429877862925246133
1364292691308802542355455613317294540368840799230835218243676354771769346816
8772467089802087196594680904948784186594877728663145042664601336273257169460
3528294282612889297228918585517392070857581849271784732463382671241778115171
12283613789492092234060914364373118974353698674396863245366831728069561564466
12820604492590938203463369747918352644874868843295488782427665387357902190399
13019897240405241197543377542947534699610589548844172163916774096781016951470
8978439745720039208900766235834036199032761881062736449080983584518864263026
15222275515593239598230012498885809744566950744378381699594010392927659453864
6158846143100676033784762660398310184837175038752344358512599894306514737286
3419255917977463022603617504775890366430819682320515293245827217078337799273
2797549320616484645720845216321636133654549511963540737715630452964584943931
17033753202496389008484483700445909344644255293271694371709019653557282454651
1896525136564670388001069429586407694373044886658459111231294687089652643180
15410846104953506982390647924353051056630524372570695181992786623509940504512
19568185152800187670153137856814273221696851955003399523563214963248234462015
20371827999905064832491002071821973934784290275145413746617942892257828998608
18823477734276348993184895526705908983521278925070561827518170646437136680627
5656115226652970780235535706189807810471572029095698537591078819723656151288
6421434687984511183440563950015895899135677057679953590513947822215985604920
12040384754225464077155439050798210419160821091649797103441177013046869869449
9772259825341200622705640733478002328903138705997041039987261797557503104066
16498280031288829288227785307302736352936199535492502196962915104633784174443
2797879572297199909334218711222177900854374704477138347081058961121300793309
15644078107885262244699428484967291897698559437568086329631330880220396182101
1929505350484341295824323699861178332578728141996333839839142429658318709684
19829107623275996909068882503976730773632786622439634235897400991781002387336
2349581104996259830058120951667460730076264470159293978617685139254844279099
9982268711644224005105745225708318829304834159499232155579405472268549361372
9283048909915207444384413611285315401509676836116090349272606584736947471535
7228184586853275989616881380719765868918305938029647325846170897121335348738
9356148801854782728189493667017091537583121935960987886599900693915567464857
505609318575290577159607039016980344147219758564644283699477849237669899416
14366218774993226370408163695258733389122646477999733966996434517776361579764
2089359639878444205205504625611416181841134778729917955490118311877471215733
698820948911402576486200349924367867353277614409335325450207885100392818369
17294754169238631079500422194295778880256675645147530605338890302947026045725
5743114444764763990137499217919738961538814043960695215081370978081114004215
1532354676442440269809361487929394117850339080897231885482935144216545001511
15429279362464933048379761813318395642886047028548664371898579661267949218379
3996365200571187062769515782559269970838089444839642643284597375210723401466
13855942579438265547807447657820171102227439902714241541267837936207338677600
10017315263017624310653373895363026608166903346797759979504062819071927130663
16907630432341625239068562338272519243551636457245225084107387534876995927261
7499064872525146201613148795250282369576850162788310832273877734938523830020
18958126705503391332983508022395142836904315587480202621370522508346095401093
10592492611778631944134585106195825750734295091365114316628335289401976557048
10233935978161235645487498670591630814869863266947595645533111837358567006403
18003113120454128964459787917100973688362112412222897499908177070949705432002
7039143063746813662581342159908917130120555794319120640254054115394750527325
14642639620523941644124538953496946557379420056235185193901717503194398478844
12510354962778923417991098874785395513418703200631409704677335762559702597729
10937907264762102220987756825649855260366448774314976509103469790406549413612
2856291402269285412222070625188683697884675330846580808282552440813379388545
975737765008679829063246253813268073237541742979444038400325932865440884821
10846579585900798888776933082578183338805087990458930175500622018769094956268
4529602228982157635664617353676370544979061743349920696434925695574883870240
3217171861525061655884750653752887679288235310048470832136609603512214131719
8115945363448342140068934999604399115922267391140037880996539055087195710388
17017061429975823256838374218603998280878588780557395344098357759667769523464
17414822882733297737417491176979790219384604825369331340721407024843872424842
21674124478965998545524545297025636759207453169144537816299040483190680515948
17404327139726954519140759696696303110669221199013129437266401728134593481209
17114525865368445983838697023323950751616885090116888636158517909348665004808
13606067029568271979635008642466621607360271211611257253834134991337929444625
12697011972510852002753203688496604009044404157472710768958968780456921052232
17908262237776925120663573891641823998363270265606050465713306950786509533013
21456469759562487171462776687926242591840822996019886989101706511495101340835
266521013932216168881283771008004557613060760037591295825839278412991410595
4426122336489578598096667658844019947877597098504167195068107491300030650784
9386708946433085177945274757444606300245243689157314090008872819375610588441
17571201661176038894845217669278055388543910674470132087585433795958011317108
4455879691406517778738600662496288227132258098615032267607735047373372289231
10411615872931007756022633910690379435607807745769276655537160609832149769392
1369325193519585971093564667957731115918550810109208821335573114054160355015
11701493479673417478812558973813785951698004134589804881992366063053267216767
1604976076096057025943679983359889701146704427744088265030663068037609417365
5807894190026658662778129602314598491833803649976558289016319277596337255402
6604568830557716159440870492208510177395633789687151427836556682055398194130
13221322798326908033948171538573182873220915914806870794442015701313412462981
4276423994177015753526554880283981182675757973382385661312000468093685717116
20731982721228405909675906960993136550102478961136398510514645316644217252635
5084416110782735943752807643199425478022977025123417839387489101289418017943
2080632875247898509655097068576655654491657659787279629928499240720334125890