6377232663526537440095439257883018477761342422116697881186123375221738885878
851539971462439380385862352460596759101811723695394639617127852578681769809
8777577262325190174206575699458733195047013200879424709893142671840513604890
21694543997668766291509756109744969193435163886467863962355853609369758783238
9577278996811393500051721677710083593799044422389686435650597107832854019185
16323954252044716897246121150114593642230197187021287621193086593549237094775
9789909425016820105251161906130605326280235056822272235912508431951118212950
5766700650277227528545902607164112169119010038912902265869378685414299620760
14342521005374081251816746055115831251291272287569749723238975882435091047876
2566050045458470252423704003188705777658084864238473334290159653618543192811
8762700051029310248153110133778709519032029454737126719215892745208105815416
4708553466520767412303631379034292236924119642035476122997253385705160556618
4755252554118675759917549980023743559070421272488077422007409392838436797712
8781462767081720534606018702554359272062136386754094559457527802951016005606
19167810216492792969016670752653089791475857662598893252819620255611011677188
12379801295054424513880366937656969081677178004556540562031393564676230427743
3873349522143254287251699452075145107916086554326675869006906246349942638560
1683302064923931554193379270562867202085645938091131834974486624990867609624
2777362700160137801933468204963311934247500177582714816722898763176642740860
5330041075666088752029210636784758218847391095319460299231210692948196701638
11849341704739004206642161112350419905150271791787570525216826204427280723792
7477184099861050355308565098520563835117942875101546634259876195229073147282
18811741129290507103385501216699521500514849038287903802256059864942452310117
15644162092778325718506673614750051639809307056147336506838023349115605106787
15072682042494620166496832302000289519302436589952610199010633012972669445593
7385535266916101728534366006042662339391797772494836337087929961280561819695
10606300178546340442574451452231017670874690381506662581848460294140286741651
343808333592012682122858022517390819973432303579818622412786360520154826142
6686378289544833739489172513893542192299224296746579469451376125664696638046
9325668720082019512834072623751272154060473105966456255302021143714657867878
13237356616132921941407245964289360960304194019926733744472216846697663447262
1723892942664599421365079138681309575413323508685958773158319650163306910931
6845174279248890961319599668687600484787455619619716546069389087383603254137
14429592766972645051919899517480716657546426049902884218808698177731678278944
2012555589304829161260427679955782678928810146332132910441113793264100264511
15162287124358358727307007568219331690174000191414576263088727973180750593247
6171544970310792508799412092397912280594923286679674322244394636145740843662
11560360683323732335070294251287274796083850957500974817278726137032659811346
7954890646285422519425515982220441977570181574595597355546782742910060927756
2121066076676892095526555416241546752515994960009188371572036715916593676611
1030002705665772802770205305890036009903459272665864721338890073927102958060
16664112528630425414995233349042921759383114978671010908728891678245502701008
16224205339340335222764551648549356562936176805367408466634736640263613613659
5567916191875465998022755280584031341089937668974064792042640432034217833475
10561503261915825576621563677167739482566911623771072553907339314680805249099
1281495108038254322634503929806042733441491866895195579580212370919762081047
9600700315845518751455006692480832601523246124684033595437676082879283709816
15989333248905201890715282122260615227836016238448185882687783867814184655170
3846245593630362971844915233982274952290718501967612724027782949411933001202
9981027954269438386336412342904724691774209648042702865994578173145958992921
8623595877941915162474742420309695649920307514068323484728910858137792561119
21103940025922636831675399050467233863786411927021772979799068688191712316972
18892924253208304354853962839524897599416779246859691035714354037906441368765
17137414752196927825772499610314584261795745874954692214656847237011815603711
20412422497099028107138997806006051244688526968840932637543351831550882135155
11225636734520002481404086272590673372060731353304957503311626880321065568136
18380442589598191047463232737740533198002604231823107797039491680652883496794
1080201698768913889646664841066956319958767123758689784419321296338840961295
14348402455238680465583355269916779409600823120873923092214453448424409970818
3841435364722615893087024818655055436552226081083242159440517874888324292581
3408210599862246992363134715624815235769905293647431849706383726509064300506
12828232946525727915578787875290899244261094596690184893334123105536745936334
5483797730688489537248191960281635992343565537360149542110268773175134131314
15646042484365011867018844828962923289034117590475224947755290094723626891273
2658047411395048849255440353544966399245817841159701280361972904541325691434
19496407504291857422030801612379213952698163884670351003527359060477191854359
11599969200544990318778456235768317543324325704256981991953010275435791017626
12534635949431553834868179572769836881352677117158862189611147293522496413113
14223314197724082301050736397492110631416043159307338723464864105007185825079
19822547161504065277026677714514212915462043072809743766437313193660041742198
18248624683501549165279508462273639851850239430868786828229911137041335077425
1772507929668430466250295341031184282507314702999122972093244182511342701791
12698826328883589821004991321815018437184890565199562478819948777685095680390
2107256591274868946942358544310209350935597133418111664653447540003390113607
8347096431391887603955816523197766644723983907921702200049607244690524226105
7546736802459880596530318577784618006564482951653292089248497980343037655783
7337317896163766810388205540011597034395961854295494001017429381228506327036
7657535373588628884973408484470050620893383237179421367090832333743641042323
13132621069544809006163499228792832380417930375502811639756010731409020775733
3045981446877420174701593721028589257508837379178848429319604486793747007869
1665034234802535695418712526119528879364535660712727125979361452433857586005
7153904853002570654968228858836861252211159237410458977141045356668538557384
20486065252261216388496191302294274939758504298167574880569796877079451248375
21146476302842253436461025615017889905755773199293419435978649511293941220143
4692883070549935264853696204165792104522817067387529940796053065681435988854
6240088307004733902463222083449545201088681283438656231355545734118814247048
11555561118019341206516697020813127391202363312629469259248586095720628837415
19260547999655668000047734411254185932378393753746099027853756019009568507886
20469506109273046972497148219051635976793704979896239651651205124084812945608
1236647274759658638933992315999684238758461477931896092313814863963831171033
11384423918232921171964979139440160725835135313593824548598134875347314405204
19785250372370249720518667471906851686135385809175031332352733767471970846466
4246521523867165828929729227115582186945308737715737226156399485201514735146
9952732737001449699912255226665360960719170484486452179287528363081995818191
16411145939754797754686024918808322973332629854064127851496226070432060579489
18478056933955827759744830164752062474839918604932227276753757763884050277828
13204687970556138498219183195522996570326298997850204255083662628089078309770
6486083806326529246393301553077241033740361238170679962888274443184188794118
9215573806816888307072467120643373006129084289252457249266574218300367297487
5157456141970297671458245970390083650482632128904852982724214364911239574334
17822680498490868828738779948851745357227318213932493146619109948725716270324
8322423511882718045936027421959946860221136505721064786938368517081088404769
1146280240837664421126981150154328736275224000612293306261498532925677882509
20006445160687044351950305884447426432577260116801089758873885688911862838124
13132217654381318972692935199671458140461723506405656953229384472487720023845
2321904844688587860096390475332685957247396755436885306389445060312694195758
17673723499361727802425795357032445257876321564734597671004472729727016538966
17836648739374245973743495166940645001620159031723548669336786509810303589036
19509523664323410269318198214695596019790796169778932865716910251136766472034
21365014298519541792222476772118358897898683224332026502540401938408420183049
2443777802329356458012563966932795162347891060116795715814546844741577072487
6373148417441446230918754690291753760232604931431996749195267137425734054207
17543938461501434657363693054851238526018672792888706636605942303973500302856
13900881200135928840365427722717255359580153642574547892815287601924416317614
9982616108044216660339683982954165936737826707471259937628917232293660834440
16457765153339087464480638859689501343872608914611554385236118860039346779707
6882633521418674793651640056518599843365736128725139938457347614662141371026
6558481420440543921623853603383694405865402572023705828527015346924767906364
21119564418700154632542186570611885700968350571284986971813890102274419338575
15668498634043584871060292933787839904928585875204605204028656239629550300891
17754567428791571673016885915321661773655444664247443414002133544771398853149
11486839919314218506003227795241691164988634920977758623356018460082101365168
7521215937712438604222096500164256001666624136838511497877267672752282058366
1168385489601974578347279341199760237159478798101796567718644776242789923601
13117296414138131801834212262010987517820472685866772554743932452738843734333
7749628482107487230728683638475509704638633069294493147970362304145477016517
17102526463093059579604328209955502975564943362848110499048688895825859834607
11877937469390065191819717631885427975032604373385026940117533544572408798485
9490483077873795676333795591814325768750891664453067983811838122306462917887
10191097995163502256819397252907242166733175440759424521233105453843778654820
20532048353899648065110204116821557712236052515292993984913500569982446829913
17354150523998248091397848718695616500251280749145663998809707730330346369346
7747355680464214426243190602078017576496231133574539162185621451748634683393
8756715326391069596985357282435500586860011252775122994945356255643854963530
21536474090524236379254986352553305027867958936847041677436373000730213533274
19764807787330426181831011653714787282097837960248105858049804952757136862708
16451394978386784206980716591328721244692005310628203853347165858510983157051
9958807580185090358651106618892828843813431270139145526116189671892797920190
8667474404638571999095228348352836564567923532278597424241711463350637692261
9754527193113710990714009078343561220541479581342251031659489697296746296505
11755501121260346797952875679164705763574741595098729931802001980529024314166
17343653273660706017905395390969914833245644319150049521732399082825162090569
1010378412861729818622385301577181571311206842734096023690850995284550560689
12422787992288066268619146495902983268274452848893191113634050431879037454803
13351916057777123695069150362950067630454763506856720439068955445038740053267
3268740447474291563746626019604727880178668296496938516526099943483641022899
17039539378002212101604857371251026489627400179253250833603358068705093844865
12719626976782614661983190476189661930540289684710840404911817755168256363569
7334691511591452788631693316255271478502517924558055271367172394856435073355
4177321927122082121158728850724807513004613701936483594734414988911849675880
8517156232219806038206488131493677748028421797072860831547349043281348142926
5916342138159497146131772146268734765710150180676587683832045824388433290036
21136252379072914855830890952695340864582847490462136128874077543348574696616
10470343058787342159878702644341062172468027793693540114390435145428370707552
9367903847960780027900264774906616911120367129803429048363499797310012009648
9181708529218875829085211480957344367690955470310754169594385873272587183681
5161879954208731149141751476094480416185338457043041781556700389106447006281
14144603730790033561496908848503636331176898859925995171200576238014458649562
17528475461722173509900495818763366567939364295306035018228011778228457876695
449678858200791083139507971543902712490268199763356935472396275788444419520
16677139862336739737616497869711537864422474730319606529800927093596292773684
5307258894824770781811695261046705160386034275400321369052582330095447609528
7066455454850758706236264136180958260707829859148436565416678574940588976717
17464972536694182038180604993012612781624892485542021128713500864406129068272
1827574381303563082711258077787177320452649985803311391711223171032580182910
5005224603218153811845694200896301756909926774436577539307979565859865998867
13761569869627153404623558442531816440237410187883129666707204029577726405280
7377645231791556592153877817212695036000405157132509030366572797100109551371
18929000938053222386693378771208400814166536156735504775432130183653620422676
10277912490419902146704238375228669373848088391763413912903062245600018539005
18100670309576234559559738539779745691447892297890679181953368845735547051936
19792596568315968292503371918803163404916721074550555295039247624601141857094
6568943725774928078767297883788056758405958920376813493652098209237338819058
9708751028820311560873537735196353024741491886920686045780276405320332052014
20999195425108372543557431885250084840784235258564621629580763574508120639473
4668167020556593094762451685509419403613005848434427529155545560914783238805
10260166712816802791730167674468655124354432849926388591536360669342400828562
3588854010476278115364011192514859807683141010842317346600561233941024545452
955642453625490778540666824328669289325333312941525596301926803494785606357
4102026113333601512449185655242077481750021570821512149654744152647996823622
12901729067332459436197297782018174449541114313233855185609986472102830633274
1432400515841095916662233518576616625504866912337953671606919993429647264779
13448330934580056368019676193029108114576729981976748604441994201646531786832
18698774355061680075847219006041299002465669495077065798256778682757699200357
6114255237222848342826972972054203376750041293553715842262723528673741797160
8290432657858704891136963220676191057527195528510584103201077577863568506432
10245893420315465808958329213978599152040050245022584266757834865645078424612
16235075160725310956334026818354575166666144493784149178325740173109469893465
6096223185593495310139379444667947750109489326578429517185410779366192202063
15140535409353326038030605492985074291044727716595244779768492745470176024609
2176086602170005476358821348469239586548222322021168089824748815230407069862
13619789468668594404222482251836770591464929359372018436289664558758704681508
8310543107961996371575168146304294641952910047046695374038288287522235989972
7738370036488385965043396010845927300705713772735513648600973583706126470834
4479339978160586717158719172802732929733916533373426058515465717943672025882
4249199078635815430904933856748414549211196022798648243994671515262509861644
4217767457132611540965149700331359170343442048612092095364557557503970133933
13153296757017742961007840475261159306564053749538202546045661292791402275573
4396888098805340064553349190742819413046668458070694926676742098287729413444
16734434548572604008363129496559919254718993826492605430831689587940707338899
9015659000250675923210953833943081286931414181352124970688626484896488861379
7859006238840384066905305454236928888746240833462349287375399918976884871408
20111156231978127386472936347996655414872475039138926155687856551161732442682
20628144438246471187747981572742727430082255446467380395647482352559593647287
10829450719086027299358038584474043478547531034689618353624096053194488185624
3900905003848877440680433966861518022290921312029158328541666844523704712962
17855611209216805679188603521771950395726550847102335142668673883933213178620
3545647030011914165273791133303433140616659042668342263053968795372726840341
12285059161807384662955183653994648298401051593713604819454219983692697182696
11819552939527124997493513022814576182004246358800352547817016502521627790011
14301577158059901977856927221571457807294693699285069296999743154546478489569
3571634356329355229397931369891424491520267531585441552581855575412868351910
4493956823795845864156868703591503758707793967931549819151350879135230170242
18261935892851512416084887686097384445742684392402688030129684935728742717201
11603603642132262206403092178979219208473125803069223229133184466185736048060
4847487817017177565347080569283215504545281846426948697937793918200171528656
4069745589764729706654816299792297539062872486670505242875943264008484198412
21282151145529600768369623290936085172906963145870658008436208961308948924585
10721916615176439690683002129869911178402752315827226965537395702918089626824
20400924989628432852029073867249809947097995745931036434033577251949709693425
13612038717302251316998414209460162307179960669236088330389280060785328588738
2142054298626034610320009155682451576863946725173133307732467701538715335347
6814074799679801916559787533428482395152765022569535278039545933747386331226
3320993272550636151137746220977818986579019792097013138902071906802378678391
14404588996507110096126959822135132305375204264088975725278990285893078946890
19449156048766944910033639666691724350749810714682158108539166281157709899569
21600390672948543610212878389553096169635598817477527886039588952230732642418
16122909565998431497578901034409662715618749437754826295511086000491610510803
3814026203802323919937341565517130280297397500968227915639071188757380515963
6912908852134560099979027891279882003635111070588372993239339154823206466274
8991012532130902495044589989450658026455069044478725949828656540931441650779
19794616058753707346170576299297623557371037336156984230370345545981446397931
2577593820399732466692625387687370505160505291664134162589397465829320209836
10545990182245838392125531729060296377668723705525703355179325185018108067002
12532592142366733026886391992589159605208721772700692225488484422366892623887
19135911891605926936423877585461852787990719411437518367185457251216578059981
11635603342092216271740512684448806260427922119693878652222869987036671146111
7718247137511759231158297248913810065531288952022630354624599924037308251451
15449533941190926955831618735652142785144234166497064450979389633622292725920
14793399192194938994493676084408874396657844744757917843286252680102153699293
9379880417179271734210305738187417887144762048262218697049423795232738616822
10001585874846875226646763599153358317197291234293545431914341192928883246454
17564611789675170872923370710570629576001514727841256489502945348076745512773
13526676577413987112607573245391605865887231830025935262602066777025060147701
18771091487566471187260929156402254761992313431761027006794035379840343952064
17672790933843778353408361605666344788858296349839035375070469185645819063077
10136925806345148466019786355963896194230642602748938687391144254701550469628
11669469369568255529354542182318275079656673415035219767446071893709388727608
8717156787967537877037123555054580463721012975068417092258849467938967272751
3574689732222366081898222156809576015147776290993716837975298246375762980084
2936447189567283726966987004410103389002644634186413346432130822474131530801
1699723231413680239740710996339133622208402062115605498128909025253321290927
20239438661176091033530372775196947702401783521122338633601531691101072063415
509222199143055079823531599510182326541217708021228426946045537726376153595
12460587031004227589188413497497959758507406039249371767737225675508588807598
9172361948368872306701383997811949982264909388810393902913358291336142380374
15024321518919789320143737927991052999071746110692384451602809887435324670247
19363337726355099236128975299462078599854604247644073095764375371642393487744
11352512845451687563998689687452223516295911399723160879302208800753615647616
5033097489048897691788022265636063060230313291173145751178865731392231547832
9342768693529219155995840295623046316860027403351256239528640640660995546250
11343407235843410518451234635552443892628096773317032816539735746541252484029
20271637634427257791277080766628733956630399511643807969496831759934416995624
12979118904307784600641734806775453265865076574307149193300157552133646759000
2609049561347471594361989318849223604030501563821990609941361801853208873325
16638136645184843973996251461253142824084602885453534706330402604048300209367
6290150467317840195062942193162131367777911299731759519747208884085640022080
21846903793348064415550139579740558481601211918214432128739680250084492380404
6881355315007836102200696266576401649721953812561017678365140505591991478449
11991852144633415808902015898168146769921125504309617193757255165202163636329
20579180498569037366675392921380645532641402855187025365767529341564826966764
4127941604046459390852849136716344563624191244387948802112999500161867081345
12726445769512078351769013120614118104254671239018619408743816227993876252991
12822824504588887927083519548290538468815267612767490908011540889502830894241
3525790082239104371118456157894419087904422095178764587616607951352330724979
5534817540911273750657456222142677256882873311813581893871590176089715612985
1615881228089658726040568147025008122728572958650432110106281742560315865517
1471725164982594409495579793735446246197281099521356897919523009694047660159
1375309198078109412495220212570536673190607625762682203229827372752214429058
19114911117517497826908513598723039822664580418797141695087511229965144677908
9628666313906709051161166309431160628627430386029173286325286404453712266410
21852518218578549606473925058864730694915463701150591631085298334480610743316
12775432117186202301959614842766511797651599815903402927721712100175714308106
139892473068642488659633517109052420816080027074176062905422560867217142259
8678567564479314009205848092936065091488089332028298130303782323700697895584
11749646464324896227459490085151303579078783519261033148424203540751860385879
20522934943803615109303532925965718163549240564060985032796290524829499285217
20661244899066232726889114470941159662948096319289349895724712936883638757146
1712076112157842791409364964341168524175271666408017461435914200921357859979
5274198338007371549113715286886410970476178374473353058525495747031417868052
6737897812641394021946938592351495323837784050553060267876717564065727066209
7802413308864463219891658906834234180067201307743855789866460725804890591074
10598878996622948168711729113266592565050867869138946404948068606726933771770
8999501853368885436259381006393167420075229434053961224100936590306072807402
10154159140828416502096070052350440839365634698281866510618130671547713671046
10116420503162714112005525549243891887026278400783073704446798028762825422117
5545266571933610687233921232979606259360579780771113897229483385986421780729
21233107093610116862049125654360754386798111684938073821049243264439651570366
5307392033140435516838295705521564813869712246929667484768640666687057034707
21375317482759736213193607973501605926935171024163842355374965533706641104549
2517892809920213533018018674089754443879541674948230773132283920676903837393
14360345633113115894388501084706102426582517876835778852281477705852716869669
17053269301717416242405268053150416723822210193991005718303172171427452536837
9906602428995106334942925928993621430906117671319208771657883136890126991982
10354603022009709342018106446249264303223237761462844795940043835225457441783
13398916116699661698644750814188836272580610770712272177556442659081018605804
3191149493139822128538617654520106298782669019011287540692938944153323592958
4691984423256762483396977170887219469164634656601998705889064679728271695271
17844101314007938193168524989091446035911779338131517299817551328197378135054
635635940269936042377013194809642013073936660346940411744079076043939544740
12630888356903717277892931534313436641457206712723665520324533786104375264085
14140466574121870700874387789856251566070511990708575066948924661369491559256
20370174501238434846223710470633284656345430614321812270231526837854520663574
654339196866659831266130941576738975707930915283825590200406138066808189370
5107706503321722709363385752813500904785775244074262870879244969961234309572
12198789333458214522406820255828653820578540569170284513887146039452722146485
16249136895399135618027043741098607972773831911496869243661084436243711109565
11074204104909151859533339603597929732173550047640253831218390211736882449440
17207343273400097590016935219508528858538698779767314862863101225959250875891
21262587236682681589242692923329018584317630804742733118429592061667487058638
2280753183511690306986430331340197673251265546818209861935234085004534230414
10254003274920664842497725816382563578440196723429688051808776569200020879745
7759959068226022198572347902743272598191759849179433231578496544131111538092
14214316923200364820492127575076874888948881174491573576707716667988807435892
9095544195644789922175839073929462149959586189940443682544660563790242551416
12649782796197868227327830841571149621604197483943737926454728454326532192518
16667983042241619901264223140344714132852698906756725392221839503187142280785
18383173644675687530390651274503384113459403614974472825953064896216388971884
14628141534803375030737634780152921077373561843078668533631869027351905379871
4561456211241649459019745200365185624320798675863426759321227045069329801664
12289778497980320566229781933786841623485008232338420865642173363101571189872
11975067175623680843959076988032062157059134808170430074549557650028254491562
13608090049838182253377471459358669610089588259298499702848843266957511619603
18788677463812827554544269966162484344784391485047475243938219549074331613206
4881667965195655156201239071358064948072146968570883219541497388280721871638
16809375763554448903183355905513828131657823301396908506126469252462160193891
11654980193951434743713680917141406309927211470940308818720103124789012440740
5948986090649283108120495678646398398833638108013243775975352725637369743753
13726437662355203524944601292802877111764435687388166013301616156301223567122
17457684154769676997584569814978347304006793119360850469355899127743508915640
12768218426713967613672155360932690915682228245638743313771591055379281067565
18615157783057763780308448635283319685644271696762198401466573335150909781420
17036103965935103170115214353570299052411478859579659720326549902160146217969
7150547909167136034355368387927463942994048322819447869013206336674786486676
2719491185384365067577935615529406253538979948934035375021293885648964670289
855254098406697810192507782360318218871612459371212156821698546331701832542
17895542168549626634871327801987932137768300191314912757298899767762396172426
1291731410872228901975204398582554998148747251553901848273154130903421546804
11405841699040163552814729751623598889450140001218648787184675782417123019196
20354628821067577915648505449000078769730992376974982139779446148223962828730
10728669080369994464716817080074001337835696213713101955141340296929303809038
12274798389677182426524706446934567986140214102647161938159083665963012760572
9739537323825422719175243872981907235223292084323462340852187679763167385510
6755543715589769777862111458854566169790920787355600259792850662088606657716
12126305553295538434422174339664597983843351746744739132557070380077267264590
21398878068159838390422213444802849205194012142590812651530393856342428295355
2774987220129009778448086748836270418387857350731020745311729965596748575420
12913355749231079157637607439722332211156795881932799993926379679617800720875
14002442102691266344434178456827064608589741346471232083579257521903268988567
3222000382376546717389770889292702303294866053055569943089969635516575396692
3351662579522271904655802780809448930926900026265684873057471441126697202347
8791346592452796050710862947776730913908702488104309880248248201823569029744
9103312554290751080966931020955359921020213554904162168782078094097630022273
11400762474859869669799163954742952133400547669811496311736883651700759825519
21705862854411927719091657128107442151318579935925212397760983799549487960024
43293469326476059594440269130071583321324378720711508957751360314337673988
15189563636069530033236842376689049504908622054060814965474910283072587672143
8828581874201341688220445093730125081012615712886123840297097551587278948881
4848334665131642773713411076824550175891079883511516252808850475348208758729
12614662329834759430739626588497950629642362637723265950380896878486239042155
14266355110863104530316810105072189601641436180167942829728212140901379263956
17294822327168915058983104150822364346325840621309612804535067234675456850670
455077676048323303580854786776522812365753723694705688462762996845811407009
1883008531326217838820507370543781882290544271112198177704053499351851681273
4529982458238957976485223202768823175919650810452913863593242825418350872543
2955110035783314707155321084983433537364088072013879095266124577362993635626
12967684942790110900749491528799008728014372120122130310632754743394775825471
2505175694719163834796124853767853797404065196427012487113935936321224863546
3664644243909527501109080877083112285282350623935581596506736195569817810680
13149615309511991949247749473495035486060198385636687198656459619774102038819
11675634552285986901460163850174089221624080337542386824203554725353862698973
13792241875469760333807839408609766753472484847219134966123237707758891089388
10227619387285566606296112062328719372414665296090743089679008143127205545123
12205580044090621048077686897527020579927082420674484835775119696613313405371
15208177648579495968812696435767989756568450150931633443711377393141060828911
6203604398339912597796330237774861234098507297133105016255969208311447220376
8763991852009928642943035844463232737815423121200913107779495834216057423172
94997075732443240393502290740081268967228130793200255689370554790238240979
5269706528648934838705302424114829386876854870088873864481541735257304941866
16262872163060208420029150392453401749302720607531142669546071916932112668551
8143677473154806611855981628530143157024134934286519271401846470427527147543
11345763412284980808950171535310000445785575947246043879446971501610507015402
11334003190684962190461352102674801284421167648666972792173808801060633658405
16679481501466111466382494296272414977838924060754574747550155015005991797168
8717276046214261706367755700328685033217888501922395351508483646143935055357
7961818553714372394804939036958306706260485011393197807672306728909086465660
11525513262393719593247460022637862437588876074380005892794471847411833011017
606475753731577839300896422047168640216288859417610094202862133247546805011
16216814510391154599441870283663624434960433363418315765904453229709017881340
15952802892860522124812654660125132147349553268606042022775941410073735145502
21186206422036180717988803903908106965745591204944021637150186904241796046981
6944713991333056327587649834988524981544213700413795245346955488518554424877
10185921515443194095530439914620341794217076478391514698779175769548747359464
2855919726997577698604215361496800379220625688194012864111223639042676660976
10433229026112136773123800168383892031427061365180473556460194903407247351339
19427072191035469870347195569940358526740232693667547123354147821192789102650
15644214414239800285411872105206002044880495869535621299007907341206661859610
17127893436675976263942308327239908450163069123121279064123261885014993455970
14398850115453023364458586202624524741971410970483408578015632196929131043640
2352925542671141920909613532344506652984644250240272091365991738093178607788
10172679680316429884824619312723045840067903978738893283037233244389430249509
5772194565812391639885669321239603226420464592665765672957012371288977540856
1472565977275775489403659554782408548523807638115405629626295474159727078930
13025952383827165156872004962772766979272981810832459552230024272976389350529
17564758020035152957739819749712385631015761969283204715352893305611222727560
16405514590762165467156068648660873304776064039873164250553927264160414855875
3690038285204558326066250230248548873947936562327070117434442040765096220855
17531140782998595396669833094850381400841695523035934903128529012616296113949
13168227885444297954910232183764567700890648537512256626187184942939569199780
18839532764289221356950914594613087164434882227921649252297932780104554074257
15690093187279544523035828189537219904387587938956853550130942856247262425989
4880718242480815050016604653617276367751146942554754727539176934739417585000
5767740184065294852679113060036925102298292735253600173647375101014669432601
15274885987576180935369267696345371924274924872703997373047266442038483500100
3761934589481780435501384301483991135823312027596840500386086136996196777919
17076314579416028845718050745024649043011795764818118471181221546277962595385
15977291426665432194805519962451891500931039499992781917651419845757747435870
16614058019242709692964725060926415535596693985378737640811775269245183858531
1462290731020299561638622134991867491216642860791478796650694102212515942203
15285513431606451603488599544624561225569394909979737124945690710031449859251
2108108609418057784389651014871434275919186190456064517027979476451544519949
20785453923508177251995968212118965193411372702846000862603422090322205734041
10673883530097564269607463521683039178512337022363698173454334902283390457863
5454676180617583613153450533396644120109614173104204009158828769649771925347
2308424025465899393970422846699273218513861797562089060060302466408498727592
7521209677407171946300925747807233725946342430543358547121236461545495788103
20573024021944297233730031260403312250074182051596062256738574515403295322803
9021049816696497696749267473705619787233696328020950183323376943545740004437
1865524799085825018345305851095200435959748376626055576269783687778950437080
4246459257342056987998012962024687622955192847494871592608632692951161262129
19427245695591302750338395658196139112041609989862338102918570832807123117503
21526088318229932910068935959652342185575362039375447361171773752278498069664
16191911454644420751852228901282854304136684923356871310294001321086062307024
19158667047991453406718020435447139785846629820299132383267410641682384370576
17700355947456307421977232728703295781949761612179494776757369350093380226828
4397993077875324081650432554749300545148338322818494126385494799541152486594
7333345984549245920976934899658584162392463672999208699449239323807521633803
16152786000399924760932165522677937364378936868710087711558780050692283598645
11094138063712503930108269043784479707229515809275605844595768164840752472377
1142389644011176261530925136868504263430131536560167284105696375014595703389
7947253178759456244011070491140902256859556283134055577001208685178146652802
10134714213573683528928794197545260748403530346308318902760067810116839777206
10883490621674448000789965625707254871804535943755669299023415555830424281655
3066669045698349285650257964282463204141692000014900401186330770537030238642
20081606580658665084706560391544166403289461596409550084066896490552960642479
6155695406737593769799569079058291297835886186017961489006277167996716002247
8515542419918302650566740947332213674125125387478669670818010011334680546574
20110138544602147391149732696810223660265845787019234225223667638537351747051
10742562600839811890186721654855708402836531506887842079602293928208078373859
1525909842404376057305890458989201366856740974115647536551418424527131666169
9234236770964972467234889051483942687447344616202849085905582739078803045160
2606008597707158849245186414604531348516676367660138989733829835914698874012
11796760152309688912186437926169763667717914107947289133346750725444306914631
3851377590989618761627509080069107348568977801140383151662774695134986557597
3154796336225549288800236024241376487736097402096695364582935878596928093781
5510420220665221034838403251084456079592641926247054056939582862556776533398
16879696361470925506825934570612427394067380616879319126544582610342257894977
17284649816450637986813517327310560148892948427878914253815654865007623581799
2833030338755501226260678429168722114253235114087325082893557705288230185302
7251727070132476220556183457711849452579027647540936257172964240637390843337
9575600794079237337218029036087316899348403790684983148717343996829930177678
5979306342004680208572077566967420789575741134560343288662733429960668391430
6933647198431187357226909706624729057428619440859131169201765838043283476077
19168763196217781731628598897969332495895458624888700544934409934147951462602
19829437720109810470479999873902618673477593710269745617035524777507262876935
10801527657674630131387061424571233632050383122132208702068470808513632048030
3324631869609728132956796851449123815871495758162118183753705724979320742705
15660020223439851550062020388305149722004313049334322631321250103301499692604
5967221174170233933880215190156392465136752773253659731223749128915793467895
11552412840249358443126681313794466948899653896063684296070673264241626555196
18888906666917921069717332466525186303442592625253328171173131193932302764004
9002714106167484391528827546180572105064179104525774089102236612700713696717
11048302793662652213631623254022096575352405761944396370134943300004028917865
16407259962762436968310192538354523615684343650696199890141991953040162326636
2164382359471710099213275616027528225843146809226250465653585796261822737346
10534211142437421383941598776341383955315039281979396571221999789915575101599
10666069653734320813631520107249402109728041265475244772290972049841823847727
1065893272480854115563003062650162503958098706206084024581187831004515125777
7996693710845330472615496754914137367924796497947601638820266498225398515015
779460584637732468426955849206233546264346430125102128427414524469939157403
18123487244613769854380966736011971128129435530397043581264858565849669710522
16483639590865705054952634993109499660754781472434181022666579985294889582777
15847717171578788545161470441065692492419364914649476971042627117577578420712
20212509548766945890162316166677458350544092615956421310024681889193656903241
11915838540527285091679839305488591026042934314354878896592571753630253407873
1911170159637126384084881836969666801716554202345435461162520643252230842951
2519681707616189243873692429706701363981726227724944939887394039132311807155
10525548620009931418869190498282964825273460634626042574365806552478535675090
1007287689974936217568163398662729361983046876939574893360458678319961439943
8918601076290071318953673276836220960249911431394510238963515695083601259416
1730552670090087588255812224149698933189694835321291448382024953001539943933
2692212389857059051251821082045515561682372012597270034725442717100828072430
5182752960118030069130081328243349382982053565156074602369672154634481788415
4186223293158399083027342405464955373429347225209836842209182753945871255191
20698226478040525601636369286446332773903307913544069889209490555501069209140
7848961029873906562639009619165977234892385836769337804546327846501965814365
13921935366749820642106107225856381492084238464963488385755265898574906919842
16615913254044390064369275838835406299949293202833109553557777908673881552518
17884323890135880903838623664692905800576770771455839982202688346472867240539
7671240599961467753478651569648667266853727017714987691902517051845809028276
20540170969725852651721054123169504183251616229771312133024479630289328600435
10885911618876068300178014171685162848957603467763239389113505729594133953822
1821956738503711086168534921235313501143676686594517809385967874500584768914
13900019517803309945097308036151373598859036005433194049333364013307418921490
5611521340578197244418404931199594069340846248086844299279812110836336410894
3871676825880602831129014665958446397148564007925285835033897270539554583982
8660883522091722908446182204212531338997991855689061026827047565345925404852
21369377758054514487929500216341215576252815582773920801000959327560535036910
2412441365534353741053138780929948381707801794421791967644299920632399699760
3962365750665624098182798369136001622041855947680873409890054621414139629589
15001230629104674518532645948322038846835064889071294141298776340346988584355
14880674002301694876681052915629907300219131310128131182663986425102259721980
1824158054562585980316309768551123828629842232225429989383412402628330419987
2859240361399565691265380107352020662064288346296545444794991049234114013603
5166447910779952920543762328108096228333459621541947567522578212254733957716
1007490453560275100906582245944853446313521002614529198832736321283620962455
12357031909288499920427512282658173574064133416008366625033457013843709684703
4908601693798278768903637729333835430381717019653632816739154645536641464365
3707521788266753982537350852704241176639571081938875735935799519005785641932
843648473424733414090549470297108007717585086811320449394192229155836735429
15745469357122732280411707850429686485179261034785562466267026969795211925342
10805521614324416411410037641243182724170403739698507241460822321812492198235
12065996971764501469604703952781437881524721789450462435182323617647626062291
18470487586372818033539023969236693307855263683332928699228943202064060965843
9678881733477238994400069917737562227773718359505757479334487914298656155782
14188770590313091787681039051598250350716760439974403531322107017294575035366
1689506610383677575502055715917181866056070036146379850885318902788859831848
7506643906911078844726412866492372822643011138706243954480387034094577464841
8878900588521598109866546176968107824348718386295453778616479348498221694856
6870283245627392817090238076492510507322368840526195161203457308149059064709
13770891113056770539767147807436112954402870897635701688432832537357791153049
8780360192411651104527843471573635887257900701816701590232913021169255451999
16171874311798197525909736376097249943669070404511356154621097034937309906406
5735048971584791925371366175024708991668126697294479025115320761565490442773
13229825087263355390945471875664433936256658682181329545626347347763439801377
7075776235062840728475772028477434335481293337646194082436681309306082067951
3621624535897102185304108550400513064448572525424419762329290603569136345699
8909048763816678806291702062491546272181098732106818908949274412295033032278
5679617488269393681126385387791795896201443046828191787132461584904242222704
10105279386430545635207898937992374339634464824905552041741267814807859103503
1875089455725008938828188584567435691926878726057441578850433616115151436992
7477746898926143788312536189451854889707733370802231032871868774692083118085
16386910598448767875426039948412876247096832715449382492730559004257126956048
6033432876275593677037331179852069653085950234927263672572175689211500790655
791047936106933006999775822964245334290371384592876255418502363688874468612
3694863804142244539430013086697918876101028434198177049748051320963196192691
13376682105243214738309576815193178135837123827716063891638620885853287922296
13805679067029770984721773402288418271927678860935425166689344094492548637057
17136756160106085935819446871311843510549583818138636089816199715569134828084
8109923439508142364330425377154151984256104223553589804214354752109994937475
11286249512402084538299269911568404171399278286810916548813396237061620605376
2584359677745194465235893977254941998996461095474372764450843406506578038395
416048929518775256195106483480946138344969950953407172345234478269849793039
13382468529403508085121262401866099849753365548098731797553497976873204205709
18439376867491626480684697800985907843592103465829293677253579863338320195923
17849262151524731521717998935547978553691621192854239431428238124396600612632
14944765584636478787586231666077419063063746476683640145827104348311750508175
5770158920816863002535760768793204546036568907423666489027939717423021627834
8964766646616906071571735802649575322546984330618572612076303377141821583837
12741361066585979303854420163873489016934487106922559130204774618881492938249
17155650977068989655844853330647332708031817408933941319367040661444377002549
15853135222927269109853709968587618568449580274775781838704992776508260190624
18643405831130205120436044797258461126994691116505008303058249039104682298143
18381699905134802759607923737176411134148483921733890751508148644565049938661
20771413818150322305462626795715653983446198751749952090107489229813229842550
6565230743597462418756949526565014729968376635326046194605417268756666319845
7773589221172310936780704579925742277511016906417542067089964629576305572209
14322739515259154048217383149571029180760938501429981700631245079741667837826
2211777926093208827662641428669122029599076421656786665814449320380720581777
11959359909854207341226535525210590494408522984553921513181278512110987087969
15631964544474412103208297614910610111786652867610037534463100143218625118186
6469947677147265061709088012775208497425320831040679910475868641704170242154
14273192286218513903657400373354426033843730885130815917604222619132646117025
1642305946822726119533692746690241550779067996073465721872854402290979482744
12434472654594642340204970901697561562492434882039006954954548364905225683590
18258333676501263903599077497799178704676070138517903780843551776313851126197
3154393734777301102615783657097778679162307608952237328943250741895135803910
21442924273325571860480847088112128477994226721014369494483203254968684948447
12633492209679682779165226815843032818326050497846354378961630197925565487104
5676035885913185017175294353150288993325590895201150557890586619719458353554
7971989338965840486933559372839713095797443968865735128939127037392334228821
21734085994605079916025200907658739534755548178328895704833631044593482792710
2240615781815075893018901266381250882106533308854256044823388761533658366337
19418757086351270137870941178188715468785231202435740939860626745964359442005
17658978545567285097910442499706845586224912649469751675828983048696346031860
5266889563561183172939683250833485521316204021724495164611029326138684723583
11128996685041402949333841527417312168812141699419947558499636572258705639448
4876070090528783965375514438749842173086453529590096369168455769565070437109
21181864929467364713132566956143162901336986129207766576689052262132856884478
6923705508410326350945166370499325965219890886201185955752583121521122421736
21369826512764035509040463750392604795868027299873193291279213169276615858803
4704097774288345414783119239472343512761071550401447208590340029300816575296
19335571041256357691347835994830129551703141581491004773597606130380555930148
13594634273515260829141229000646270213542265375428591690952060475706589483636
9015254066149037983117828022107604427546915195306105494160093361353622246415
4212072016320343773172520900223699632828574585381041109390033407447488634385
1102272748190005338904701274717935307889530536456982005034282115032583335111
2736300324710728232038909644774832551915915663932530690557461126955645530086
4835822801818378290852301048163831283974282641105089345434084063764482095069
8984658187927452678459930452346646248663512083082894198317485712426204609811
16633394668571656740012069555016467267297836103775110968049070854163114237249
19001311544890254637467757524866604779430904938238046630395635640108752440416
1519708912837962563938791348422981399413816048437970967955664087668434079252
21331841844372791543710397499630585987940452814579176990050363535517182938392
8907423080053260966677751803467685389883909962381980865910698188903614425511
20461083176034684313938738010980183835826228331514122093950995340802162488751
5841016603634386755712428070725428370463826644379529834480138063613116133165
6169966163271811065481708286709332934104602048421028222790926506913444959185
11123503881380576416779399092503011764979780788355198614717104650873109848686
5910862578643213547409014086432565110080048906429291885019036113399453987536
15326247930625028665035962093121096584742207235393215425729927190450227004180
11869108106148533163877422279522558694860624980410176225979111384418155447592
11642189959177792725300751489041811935498998846917246538427709581655066866054
17383982459896791073091103411713034950019457760840905433100761135071197717377
12914884881288305014413720371780941499071473169305332026567402160980899728234
1208570539962036907751277903184876797538221568150857585830629441131315144451
2323312703274674937703540014228631818729280611690694743543061204714949346767
17526158529185414889134597474769916490357130956125485429641429836800727655323
16037781653504828212828867735133494813590828457250361954137565662868257318996
5407222038113928707955890035984954296613370389143420455278606330416003035740
6601323218218927237946555844476405370566012808107313139506360075146521702852
21534867504549849931394770956914633425223988570769925897030241609788158519056
11391084204734238133980784274225569005339670690396227409155789097373857915450
19888681657658973285687297761078939800531741094128408699392512189997402853670
5332577406232753436405602237019361733171667669604896195130680826397119398314
9059600173937645065621009092166260440988612068018047518892978276246308722168
5301647598491778367767843695092267888185214608095464352349739315757388259345
15071875841892141860455823800612444188659593796102096590428526661356131692597
435778089283152858387915635050172265804266241934673566488879021420875384052
7253178577349028822394834490127746885621571949621301778647260365262978601526
1165301643600280009322317413038719889346104283514223548696059636052018656756
19642265897347119192967952847445594557926149874981543320111550169192389374838
18546070171142820328487316603855788669722411491547154393382552167546945234264
7547722208697813989490512139624144757215998986985181672151192221427497361833
21765466939205480830726051696775103538365853268148356693813986094780619132689
18066916718526031105430041386116904278122614509807635157495047212689329422097
5567247965934318360602471432895130358745239227464728512128895794990091560111
5268155242325913085615961568740884974081158441192412337454790453319219641639
15275184776514682919662155241139211655693258637032715569152004434925162363584
2179932316974455074499483491372661376888522799119184614149917286749483028849
4621405833740121725678441855520519041228014222881228746009997774516764304847
18479339496682302897017710580780845640172065272400836860950352488372424120096
18557033214894447033261016367420154444088029564584596463030003672186270737859
17200647521217215683722635843299601233863161230648748208816378327209201596867
2688200399163263049122461117289599907708945179806531635658550456745433215543
17415923022624960613510570384321832458760537169605919976471719634183381965151
8535568676654346647569376193583594529721160524940659464514765031328360321359
2988350233499987577118772810582267364198360724494195915351933486792072227259
6210620559937378902878629998722853418159056595764204463986805098114518009318
18310997638100731876764014221687199913435941820864752235028122857262977059320
13808863093029019329144013239638801163784179422135484562563156294580677444841
12914098780625672320372746314998075565042263956380764233047047668841824625393
3305953095296069725576430940963322680842934544212876613078125492458854044556
17822002370183286453254419050088898676184956527990121400547957986510775899261
14649614548507754711891632411080554775651572143141206447218484052001553765684
8109105787614676314388565737575005920261787167569229710081822989465469152070
10883787415840547710621559198296269932318487849486120162467244238276174398529
19330421887539219495728995383446553835046303504116353064676615752269857951508
10124601385542856860656799235536724683363368315551234368605365576161456958605
12586681054057195636996904714881904902720157016325364273875514276164279959735
3757165144866249284026269096089043031459271594379869902321741804365836799544
462405354647627586345675602760959074379157140949064478801734872040710235207
1920260561025181767428737283255569518557618670101985233779064285550376374001
16427781514757709627041602025461703818581117100125480080881962557048804215419
11285710669637766333985664845741699850953316015510407645702772350620723934913
12651159368793078896654108663982020308442449053255003548814357252262150375808
5416603170144910655254279621683623582654125103494176617805338836184837812634
11735378404903665808621855768545179642393017572035737886573368447383433091210
12201557541429330882554855185927797569372240536806738921957792139394552229540
12315234857861194987612137097457466405047598720463755079786381945885951345726