21845584790817078371458083471368949437776490472877850604640045078191512294989
19653529167194186573342031346879012675435131167180408423801998487681049609228
2161640783454164110262374377277313793192503897274785966059544028153063342839
3054385704838408049711788708109646820127990212588286684954516786776077717445
16635301713639076283966918721405743045341739008997361549904617279107633739991
16225725689449395070421553385264743934675104858051374243666267106604469686859
13459300344588917210133884568970491767131781128923804903594902942358152425193
18076808066595657160589765822638228194586496301618971676220813553508533309824
15694780501519741286439086116053845024521602672078716577385749258673935540935
16872540725652861460604107748085417998883467929955001131816309200004825208678
18265717256656085201140362928095712147159090935193139243454994794524622317396
19947609676398163035598483882491861002323351300468831661031717096486749401185
7065348755377637300800426777670517297442798705186719592553630280930183590981
5932961695686545421777788171001317503890223201383043783424823453778021729657
2576876576710667081195577161905871971928185892200731156106299121736713352612
12555802030075275558510564984903031995058560722557285963258561359487710166944
6675427211912119210966904017515062933064977336124153512189140864737663166184
12222599141329943348111473622063042423140762381594560767061296463113725630598
10362975561623981137760844569177506781739504467939943515494131756563631401384
12107531632347826132438108083855485290921771214734424618157420540758495466114
3236413362865617508850894632024597913345632839215458268170009274560894755059
13269640842689962370480760671727240164372687082286848502921603339956981268889
8634391395282326489812410144806386699066840792624899435283359752045476380023
14222253145252965302168372301361324351891663598874510374220732501857922860417
8638897321585802770244834010345336579513350450350318876059595307827518698264
3865974821285567306249300995778666703191077355251395536574998983854299535502
7110975263857442529682465175399830853738223819847928136560110618272170902664
20747849667914457283564964533975989346418433637631755372433299771504842519646
8525337218586373689263383636693181730826089466845186214607593322372086164902
15284698092379128147447314807096025894174546974949762301780223877793581148749
7697267363768037767923915437621109821518467158489394234232803683407232938777
18552464418403713636184903318257896949762751716606049583572368219578636617127
8197992130246671682417102475937137101180310399693221498504232752936385287840
6267215711691005252092821645736755217101102985763928035625443919819600833817
17433952956528062441211440388577119958754746388457390005635829394680376947181
4412646415700345908595327060988016573431087490581498127967913815901104779675
15833191543444816612091389727640172975373200401937212078659643034429446372420
2496738022051529758808536908421531340554055955151436808600608028881270179985
18865821309368781007158439319264225124435320863391412688953283839208730853556
17356853444859379852104523062654303386446700475095103588258687890090805160214
13809314487709569674040696128771324530575306163394456992422515709961741509179
16441057642509466688507318755613056920894191930223829210993196564779122458374
13126203992288988176378067141418363395032818736472538500506274256104409609416
13787967697762688988712839398243982920760030565931489906532854488857802399817
19656786571615920765259702874045834039087950126970888730192726308970074475638
9496155930249199891836650339371004045437843955429376625371983436016490755144
6133650980214690439646563353939486183333374330790371938934927663849630407389
9878750392407472855744714788091164958447986838940220983459727015586370325700
17172636845539329981401043696407061375416986816086343858560846660524543673690
18266068074968659293646594793202575012585251834459743250538629833034512472364
88170009072279647351671114053985696295758726185186407584170034409102883821
7161623553009701438320582200845261728475099875569530553253147102879319777702
19053465421328592764143131116469165876378776722378567877265112443326967288533
15787821054928042708896412640384007326676625326396861263135967977164294783653
9615173323505112477217305395762776033870692647990635021315350642536385774258
10748585844981412663149047472971001536312431184916168605042111548221680655573
17193496554920138070905215774356694517155445370515924892481894322048517125340
20981027561373479728773182418686452188471940655764396684028110979140369006827
21262972686125563821794309741130556914165641373895499794098515843451753652777
17107658081493676403630365275304097003600155220274082934263833389505162130032
12511894931761241561787052333055670047472612011302194769826693935710455626001
17806912269440585736864672280987816575618315620498245554921738316327046304192
19545292022072695979212345737390709562681030627834519269858193519314537426533
7543800958185166098093959246645025070235714806654195385000743554473922936618
4625475082534149232161405731224600013881237737740742465433231001161153655617
12763413547514960206069967971684559703789391875445961922711624474020658766608
16881857439631059221437594346198587121133192812269921863116602807689099485795
3231850141984038920375478271531925025564375094627983241106994584163478821676
12025284448956248150398233143375971306100458475218939512492496426861431663478
4525425011555084029555870990647344303529266577387030581756537915893006804174
3795501990414375556011654275060518399449630146003978757203023617760680325709
4509128642188781738213513757207125341975604363824265606323571895455672910764
12203047758734592203615462366516348191118610129553686354997732038970187121007
13638687018405787761639420673973367506339916347486774445588648879776248875396
1480604348496719441038523415355764543336234934845679094037807499653490493865
10692361717579001228187212442602435054487474561573499974105521910665132275515
5007773285184019093586454921139763432640822738583548849737728483623941935472
14779176361271780821074929551122175132746249520990325894754727749064980218318
8810869743928256631039877155210471039332035226261305285283609913565228857800
18154173501970140404154140565370264376529820426626464552253141823874364956900
11656303509442573507998921894257944851336988233800378817636452696829680890350
17658875741559155615021995850723408238216088494443352771306394733637591342379
18902160612986281748775835015982844003483334222891067179969353562662106908838
21595310045201809412620701470963174488544609749637202383626402540041734306075
19479000691333638193560008307308022198954460138615126342769742031420251871629
2972632723219534905306782557604159867920608086253824361540409985645334537267
3847529854347283694984727631990010016411937091308711649053729266492176961919
2403423343103741792664345548178046472942690163193710191494177026621927723840
4715026270007766325068951713831542483223564562870257986931331836552507312912
10050946066792704139911540686518561899625455529845988837175998569612056291645
8462612443675205626907647847435181314299724037672159352834910195653278990554
21536131862603746518459731430650379927614037990254564979711500405913555717860
7888269140704212528047592848167567446827917489655456773861487833453406017069
1170377169572693438349285053961454675716678619265656860173330864613871015536
19621259602533287127007734174330694952187330430513568066156633937834027643682
17165866032840109673438683878903959007172818091757219456373859826178202458170
14933333727688891927411002006378277183547380244506194877231532901665762194033
9343867619319423527260818064767777717418825720619434299636538864535443951928
20583768764298760141290708372295636534035063275069820261065362331153347542719
2577125135040205550039517386386446603255535410845714513971957864613256569227
17000415305135911202592785659979381300200707282766529883690542305214226820231
12511346220893686853445962138128902612419766727072608028194026193211924059518
4149764657828794758957335209849218835702975200988138041342768571619211624011
12689460200478357229673533402655824055278729189265502524126586766684281271735
13400421547966647260602415862775725767930791927979420926402318903131836007467
2276424802663141757392692926366037451925020546827329479674513290273559843227
13207120510498253902527141512742067250437249796266587317279641215901655830896
11305234940211349140158920206630802129159533495623653407204084399910372957174
5497774303468738593952657049388763226915569613134333653497976925327612433620
11780989050042171707300156320134237383624870460000896361633114513125178671303
11197132624111031475729914540831613691695800675640925983729890209473799714664
16140443794881450163624886684327741887016098106725788249967592676372285999349
11051595327889397185166361039119529941213436445931880650633610124485963060123
4836646605031570157308209197698105249544981108702254887271797808619270080413
8209009069949005083422618473679185090070432230901987251869909206753231145136
16474909562767173375575972470108350369290532718799369728226238753027802729614
6086055204212098936385823679317209054285543683998660974885049732319143968166
15845663692001601094665565765687773803894441337616861842355695214969875896066
9098420601018427903226168857535773321796962623728010568581252061114961655465
14398020486027915166775907825392652502550084557499300430668649177321914768934
2529766650486869899750453189656713618464482405989854109458777379339220142554
10340604539765718682878802989600110179317791699890691229388614321680034249914
9878876288226000720310995235539201725902546228232202248134844052052896121876
15598631334601739991411156353640870142866768421111507060679644747315412727160
12476036027414150699365888926628033468852849122092016651897900659667567319806
20803031063635652861008057675598133287087428947752503544588637173888166669892
11219667600899420706469792543049361323110081262796605270588885844619718041942
9239500483618882938511561535687911499489200513580468310964041871852656042420
2295137860333409753273134561401486593645236761709753752653034489900637997862
513840239484316074257070195372896343613221099656421936676995152626965728304
1240423160571920455132480263739570027604064696559298170495781456216075158172
1000335770452092111597579881696386094005166181014081250146819592415429840281
17732477784640275643871498532120858657597895452427536145089468999578047484919
17170981021801009209909418054936322243367033572422755593175460758882664580508
10474002915893131225108722048498342055539813455822038310171605686332057287523
9603348396520941909404735719689357385027896452682306755794683717883589365434
13997990766251226080324180880591113480591220558468819674906322487254600879864
19165322589470665586312376362321121865643126447966933590462565164041476345514
15889877351963901365648141054999234691357421706029208812358207119735767519856
8668047067682657740038874191537478915165931784511538119786089297082841482372
17366185630903586492716760756481097015828466883331247688174482412238176387717
21876355395221655909209577718688727663428003322801196411166438189091863032706
8342495812890419318878301820827026193204690451839354912098079931173365213850
15887225707174335160711915570149252929623026695369026542224074924735308390993
6378295267974387238182583304654614405910401210077434367173120406371155400542
8599288341856208016511446109829802753279910611437057243892303163654271528710
14384569526991087242726852106274677884712683003324629101047489219988189168985
12554858483255821944447983588851327925753928086067377749529759729841684476442
1244202115364291386279329790002693224358694897412189477392486275482043163127
12995340746860271768506969399635216407185990298275348495956441603189500195767
183027008509741755078232756367286076025735908110463758323021771971495606238
3573731114015522988150416514182944755210001235963017910935079689853918043877
18230391763740278339288441222957881377176531304894832542129957275399074045651
5937391935832132177003018978899438941930145516233683431615177125757010459652
11430996404641585372503695535042106445550893936697962891622779166741655729488
9708207568505790825432073778606679121879367766370067169784170835562004694648
13398805456168802594406839007653458669253514721606724093311019328402863953525
9509172607193998955864433140854270981598209332315830561489225794322679022459
15502257451151630587420754221500874210427552449899109970701467342791400645333
11123898636843146818131986172543146864729611142704598768652657993190010179131
14756654073235850387277128827870550186598788932163678015197111219905127222330
2775596743802877046549055877116659535653734622828894792515801349479916697007
19393614735747455293764838818808226619563895886462373669050764399041257455003
1249320178045456927170274664240781660345447736835400684416240818258732622074
12796406917637014666646024992328239080230785967810042823382614274279812889313
8731150020101451449969760761271583792743252060005019647239509560664328018351
9933789898048906634037638211430912333233899173340437080629891912049447301727
7466451925704968193666093494894304477671721132981190905063657961063858961172
18149794038935586919422942907608353967008376245075544434132167909292547581560
2645338086907790474420268058095037943265764190369965623902938950146047558570
3805226260777608297922168382052882356808083423152211373837998107098065055539
4989302370880302660583716899846990066057960576662320219898456979014043515025
1070415851697739963236557454136444292508409566097266743684211383600964969141
12944245506579810779814853939016758644439439209107032516878032396119045414701
11769349237256342071683275569967616595926207710668472449278925821680308524365
7515880964846644263997052091312985911975830135506678004303761824155773875060
12464357909913670578721898201968110981078170975300784494985401212355213230335
12531063240134560397069746994123636136169642575111678588073390651101761449521
6147041690306761331612194490775813268707261569782473045839636103273693189609
20058953556654404269207947758850631052629168082562724690664696238258819343333
10671449076032051862717464872993019906670729457438083279869852502398951441572
9263778898906682528709315203073828182663073896201474787696895934306219116039
4280018790033654530253273135477384827165889895493311470077828964783579313988
830995672310831856642518343627405480722960393571135174568745694822266602592
12314576340884680561277987296413286687270775984122709242612931854296075085360
17095784374018350334250759671947431499861842886424783004809423482855754115377
1870276341686143971262732849057691846357227120913088159474346497974038463590
13105414947588023527779026549450388391878972150198998416931943855651155797800
18101033009026370452679604491367700242633788731529564744613454397646795133212
19518878118392884244142849835491751668891129028130325012169949275103156284312
10048097099868399020473369161831917580618232227587941412911792567651718843249
13720988503976110065971074438615366180970893755318530444813194189426744566454
10206920761042395073417518236713913313307032364045319534823111708069826397746
18034670825630502903409981952109964720282628088881306395156166316305807778803
17265902307488235822005808880948915593987424296023174321440226533612013329935
9429365481099850064016032865663594803605999180077296169535937496741805848481
13186685927810765291293578499657740344232117785406437983769041709812502541933
8033401834359804746763731113146503141828920003868357417085510169143014612168
14829873372988191912376824090708426813704721449621613864198115299064092181833
18455257181054398358097306328798734574318231150508108527392947186444436439740
8119199559569330746396633117116309013908934582593556748077373019932279318500
1284108314616459045915004998457007728060914233392140668856369685125999999332
21852625948025981910963631951406283302114607467722317806583142816175293668265
14294796340840469579766310516350659401625921390409030932793069064155351769891
1783113620816999591947201004404230259494066685648885624939940386561651976668
20631226309571056417714477834545747594141696200863258945898766619654143617824
6903938062054591003542771080232078653298889568458433305746325082721608484955
8256881116864939888001716449324731552833717991541507741291129726788047573071
13687405621147199886679388919812090637070670174751017085656416653029285459311
3996906960213710686419471713152378445913261990655942335471489495797584984773
18609485914058202995712970621084391939086418713703752883448366703199989106805
4737790485362149715518348725962346663474900881645708435962411601476490671749
2822552925802124863166593828171280409095683790486058849977885272116463701928
10894109234909999803847798036461479359595641981247612273970502633226141682614
7246294570777241116302579516225659482637719855779307083700855528941826872713
9013198024264523556163293154624511496427558116561774530941327330691750043628
15151960056770776873319338589377108700463507419234056013408936730718825997019
13896307757522598026854039348754398062744662686124720657491498342048635150631
936098917227958663269717535799277732372546413929626514061262842640907378836
5762347306349503820330412402395950955095460299470544346332901816556543923381
9011672463961728692091882997147124758454879881989902775354620290305441817434
8298508790377315029478690089877957774356278876814712068800423484382883105746
18441738918640842202469737660313781809854248733890462980130113721522272925935
11674356714078179732189659380227960024612632400322071192164520398757529418670
21741531861742185590228910897294372846694047325677774428196013372184305103642
10726909710822683151420187237143914110905744739798587383554354069582246136039
14605794533892313551961292244462849563801666394421863533658628423573613615452
18252321089326369077368015604893296999452816437445326292408407276685442204248
16489511737082127400599277690755867907347415222776413612685047279770378853014
12335271216576477339942530570019671580774683415225712107993157387028894905764
4626127015007086021549442631728304324061443778286284381465764558652325702889
20204422163930758830873934092037602825061261159909688022442254278786267559979
5908008139766198991903649413759936674892226062609391695798412118889649830013
18949218162516421406624855541340518738013110700902674485216824630035967277648
7857158354961323527996104954036841386964344142685428573605787682122921808752
18862506387045373228977985979058776771998946696427211846227485792071994347569
21130307920872379374988363214010414716464915978170248808030666261671221223543
4313228149429751211745340097430041420420928800665815874510443032063502322102
14718887479978402714517595897896626933964355973039392802299204272000024809808
6557683321264859885031038170253446373377122179252187766556430383002360480784
17122476831292693338874176268140351589680349774087615644242938775777697017452
1742427015172593656128486448061422456944242303531295475988475807736737942042
2027235762831193006217486738647428392424417413253628143597055373587736173882
18820467606179165158872620834655197843967670286762404094202648563691406576741
10125524296683464483537740904779830909043887085914486254166411012113004643542
449309305485238804235855079592488366640797157061432847068620096879828248038
18174298857888178621780055946769726501913338858930582293820343672195281946232
6524685458133323533884653748284163312203275737781993034758692071803006590911
5779446108310889204396522202292098396120321905868746440329327547028173740638
12117601207346032264472777912492513317230650895345305236204051403325746076935
17386891799362994472985052445984141822367941805998642899269245566076967495748
9179366996073356039318771265789433069240332535719540885945532359919512410546
17951430600208154118507690771734790328820535928178248368783575740656844500941
14192271756367781523935569988212364655718978403224403387301537958961554173399
8221174165933793163901377098818684602634389528051583218569555199418881843300
619524678975534727395248661178123212036053322038080027161284774894885656968
6811391538547034359716390364062047260775039349151599816482953672829058524341
10339322550348888691122766885623110168053574406341544663827975995639398303045
834547622517043358034390288436661677632262995429052976763390684889069201500
4521430246419400790694482286290497928487157243703675820424059696776489816307
2856429439451475378239016597030439586695051951861405539943990631405466607827
4111906549409128541352401705521383327041723912730932911918947847640475304547
21238392279368838153073998702772069142756942255081903718049634748881681359750
8024413919212120225608654701439440497293912481641002166919294547045993866155
19638917754035941400580825054915831416618623037514650566052024405861982044782
6363298127640737755043533904928034878703559551572444680730376201407773738099
5951378579926778764731263132308899303911912211097125509228135617058018449106
4299191983632622048727922852687899517860127872286225781380066638217198421795
13147530014153459600370443470203975351218206668086180214214011567772265521187
8932462500427500118784677946351185252169486521981702322459979960456999825085
12898236202423618599592389067167172325929052486002381527830813712396261626227
11097514049007489440587570256998525432340163981998515135891661207289091581098
16939217257331433664860194883658557949066598882598231827843396489027582239493
13558314929316884214321653422030897165706985165664325794343497050086242614930
19068785933927002693740188802713137005358154768592984493993019480794959714772
16219047234078325455733500620647043268680743772219676241027699492382953851822
11566125486619880337971321232314420701391596877779136632592874470668332390604
20247803830618639726625840441081484205981495541890152476410337155981008644211
10982561928418184138823352638412764796110898816926174525705905870653768875109
13865455597687551061085338688013943905732507438297014744008229213490729171094
4623686187146061526075222395870304599606839445854872221666055672567414423759
1297323969860517810025547983969849541225259454470688019030850877270479215579
14722215188887952104786572716523684038024407798912988920497316253897978502603
6270780574886929570568937279666637132374218041131318249843841984676427785096
19252799885324088942740034016032302070594496616562387546044018090542659494091
18789886326443791197255838067795128702043473536108855579944353350374719120963
4004428942869607083699086726311786949460607919907288923307322356602295441411
2877506877897472797549134443444956093653579146599656174810841010891875571228
17100820986561348145097462952844272816935030845535472396118435485954197036467
1347748684215721199150368750223253727950390142032926135229664962610534785585
4154005697105794859947043472401749393077233408100643568245878899626874345951
20933456016305992700551258430315019036248529816811141758791937748005878705139
13670472427221544431486503737474464655536253995920989690199387492221273597238
4887586768965099882782231950154450807371608927535862225573402423957578253712
20873520765554306935202238707923195971241799663989834594965009759362455236319
835408880898587261190035308896108471998627156220026699783039947254106997118
1168560772528590466033559747490971813513190425644816736321133758228053063362
11336620716299236865855310989061343228509583886619209006261263862998075759368
12980812954661261543443724949390081395650693161075132555819949729859873154552
10084252406967656001546402499122907140953995723236718543311202294822930374906
1644532730355076490850165587814950390528959259229216666472798276024619697665
9132885938811460827145905853169583367514769405887568204387077749084430489477
2725900975136309543580364211869546121021875237274249313229081305044972484552
16649132526365476017376435851279563056385888284228253635122650167497125722498
12731917506454877589272897239554773638029036473865906141458475592969608419975
13594653727945200481903485136384279897657772670755085103508581365171774040719
113624989360858461940510511528457240403880397732971520793552365714387680115
7789436153009366426158912863312519977840172895511546817589361831513864987768
16143950714560148477045714466178426422461079160482754992311521791041688103078
1313437798365489562563299651704767522651128839986029835665434483203980839176
11252213995691856633725287186457035931029344732702134439407400361778220541650
17736157138183214282785525992210357080431726331346127883418866302441793685861
7180555369115773227093283745784562042441101566557650242391581159039035173198
12210449409908576791549312007483796989239766997007433768188337654528776461829
21645736522624670721457131423612680680560891552619001261475935027688037968464
5181231859976513481992166491356437447372643837921293039933901630631480168455
1822647984377309820943781894578040991064004363022862403681677456868041924061
18871375493748399832446064841374255973869421566131394074253151764055941485971
17104418810613244184376069439022653413672092602368197196666088607272531673120
21352793177578730013875622823471064860889253282644816974785905687738185801553
9232438288408252188083609458343687653050330220889343945216702072572457878290
10304159048240945355136802455474936548590756836618851032143486546904634881690
20884395191144673183897559585241012685606665510456998263218110825947409467914
2819516448715556874313717913942313640504691377816634987702668983716292161632
7032608084905515886212514778954491987158299018684745883187663518324250619807
7559036428305013706113865872782652760220550823937161831466421604635377603666
6166475941379369323404906159647871547076193215494151224037609592313271326716
16084803679651600781285997577643662084204923480676236051120275962952234677286
6658815199061181195201720843092877884603511322340036305618980989430727251871
11532335040368550811455379206918215244397070466594500713220916970398105300183
223243445248411375033016341241378810903532891138952541245228108341484828711
3833279990355432746436294779672706393587026552206068860301259597964955244359
20021860409670140006280261770552932742716715786145482153861376747693162890815
3960940475385499730462877864983553000107482077213680397288242993303568324972
15345391775733994458108231909936015494312151716517317512597014646307002937890
18277195779471824870812914706668217603589292191686932445872231693455894425796
12683998657212817923655738438553698764065257310760896868569072930043411914592
2381616850898069714423289625050293940364468416728632275660762167225224591308
17069254001556064617313013226218540738464402615134272312196301018778835133248
18389457738365086195717208767239120166429330517506018082718782715649157736034
5051258247116083013584227503078370155132486498229823799712010421955209135014
7997986980169935581373258514853533781209293632678320920663489466999553296266
9084231611273069170288134842362168520424117219722297893241580415854843050029
9612017102514059830687104062100896777017998502712927457146148255553769995330
9213917869163068338076473790268314749980273391311658654819685979854193078147
3968414534544698110694188177667553264094402034823447016934487565301236025995
13588240166210590726886944410340082403890007139576685347416857458181479170063
8425770643762906660570072207190993414304346471106950840911695090319487814275
1652806391920335323990555627698612547647520442841733871570123598479115999627
18130776043151518739068856550215769502964647168112043888178493846726550417660
19135684176515473484108881204420762325009779099777199113513850601885029049659
18523926306415003163998391622948236629256503699057039444767412461271077678701
14918281748682691271882204320979112338671695483566718123583225923120856316295
8780852767944315665594165432479024772720494001116664689088446074574987494813
12668508386943347180515022360355291044387148272127255261058463414454846963242
4925095646155669413280350202274427260281996843455607837164490899877054944846
2595801235413574965831438899756848851934934001108314616806171013774086568322
16016207465062828688275342866097975914741628027802243675066228993942777558633
15024416797683381415563755573423733835281624847950439607885361353822729812986
13470695612540254635863734898909669181168896043111281127113964919743317383261
16896649112088097145823038767205812267673142507502911459577638240816340032813
5645009976160313260833270091943535119457478455011072475922688828021639421410
602871159134715892643983949134724748180211299390344137568222174867411670803
16865933848430240952665445021880291168087114172384742393439371745277930120747
10638616947682848797128584610899807071800790542581123346366834113610995491100
15823119882352004895965266205059246906297215947121418230976223923682971872516
6335662959372125109139397987508104273775067107064186843021683240893850916670
9015302195224176847832179354591500534302983921972567063156768309852422127379
2916208839246568972516202976435804092919863447720049244313355052730101892832
12462097677706957512887764105458513125712391543206668564860335255817545411462
12645432056886268747459912808478608940565989560801243474226148714998374680219
3180920336675161838114354449885404230480750260525222632193238650778186030194
2765038069658052652090069059291472962961753315554068900506936144102952443412
5456153930594691794518876425254629839890061712982880399455001410106283524009
475588857464770407073340860667255085025964024669275489020055454066130988320
11604422213771358649337761367286746573670774367844043829963235653833716835011
21672531595983328080827235954964353440581013778240609331813180834517858151965
4158282767336475980124978163165153479336138216933325437750412278000398054990
6032343652765967766200639763117076693275022773598878447445516751911914770612
1408994971542022766817088410277637989937031937486427645416181643240579694602
5675369397167644827707774427966283386689036453227097867563588663607826158481
16553836408556819911384314376537283029998074714786222283151724244687848945589
11305817545614916257748042736988000193121142053044277161651567885557438654074
830935697282120891923075627410843569046784310505888414612692179620161520408
7111327705324010951262975966073430392141084274376586856008212260205185475707
6041014280799995292240499899142298082182090482839684923821947404991902712715
6861532079489296739625909197765090537384733717891476126939216899495278356435
19512767336722762932902171703888917915267449700217444230295060094846152793374
11362087145491820831916999481856548088963000118526088967383804499026380829346
5345785713105818128869449775136443413167434948951799284901802489769456439786
17034353050546517551433657764343123751855407033689772581554238132654775360523
20948587704598096549680941899688868509854524167514075706787714294359604474171
4994911941995400553330254818898448719600721576253446166237206475949959408151
9688152172628114951713346942216519356583583295750612146456768853572234580639
1343745797764784294443121474436370243518251011725658365765145682550385976553
14125032499992691719199426991191077310874247595141214711018898761632184485555
7693434862282992683488101124262547552730705787109948156284399632991566403920
358969526543359888045815665915036908949414956460937733680920722686744813444
10388303602140838746049100800433273910870825475060431768126678575590491651119
12003019672927505670536349874007900046436859031431459357691867861903891807068
100475008966885612365204906854412018822648141035087921833385587863034960276
4380976634270985228665957813264807511324931231158992383372104805973515660993
6796890817241810905532067210297629305992402701618394901609217064231507595098
7688772779168713577464553940881893522916379475003769246647902913600123216803
3719641128095581959416223705616297841752773711170097329183166123897200928969
5811339040244843745049016703193592081836868671814750017107506365287109556605
10595470132919677811136446867941153163237789139416696690218064678877242827885
13030722908918648575860840375066614839148197698661025042088986261543919080554
14270313844057453712442736904892342369114041625795108985761645871570953543978
20755955200977796735614094726104970512145122846293966132203844248531587786651
9582579815411229200777590264696860160165980649555432144848137253789895405534
4350662320089661964064338788392477540031840065706369837322029959874552780000
11294656075067466938178599864610454390092206885966775647004601601555888026051
18946972646213006149468901853070557711933198234858050136328420076856760929327
6183788518442229735210652665497651321434896307527846329693517674734369795163
4357012315121006561105620778754114894493832281520086713987988030701496525309
4220425144490786998849301484441980495606132822919030749888073325247349169938
14847262709636261703845309954203315918152776098063861666522433996841734492983
2207604061881398535333278399637137320820424466179707349350037157354962490429
10374520449793714488752224568044645973292278262497536584844249765683309087900
10046752763001031505421631811000499551831682948464981948135908582555522139635
10191830759680421095919984376117799343794470779618993576052513294297834150862
15076222662591944075232357720469485509899269012588377631779056491168825321779
10030346249770809877262359992756272056670319300684833869196768465826414079904
4720507975531560789365265597577186025064384475474978173798769571327267599028
17191621856092434134985786932980111138837305571579695662259528942970338620884
20148399372131987633026319910847242205929076170415419364579318442517450329463
18536741510173922435024204045457609239829288683624474544615917164289358647693
13631750264342742049519923217689863850040711017202360015936348405918551837067
15610854494548438731317902472235239790464071411103741562289565846725908998069
18387668285066173974072893371855420071639764562065930624890442086525580978084
14766673420520500288514312076124802867192062521660406237863986898959550205282
3732185864446238105520935485353063605521423641525603230547743875428671598696
6726861976047081116380559824755952195618930495454092484512720173680677582718
14230102015194545129058653592673168907799074203765469344837164009883877641547
923698051441061755360657704655014798009775419003226945193621553062258046271
9689434574353223411824004165283477169808920117596652474458537007050145695959
6653548670473374668472111797166160911158340899061222339537692495508721251614
3795538039750942962828904073106200577850807348658267681985654384336620251059
16992880538370345570685975897913090022139738512471371596260168908478239467806
2201111019550353407862043052634082471477202486461462021878536956251970423986
10288260758300652435946350416864664136108249309736639494191503136475372654927
15709483617520776431567199768118570957603227217270596124343406544848127051229
15072326085023560939831375504206736581668538451241556883193631319058350825383
12561979699882391671048614617301093740097194439650447103774288376923816448076
11578577676104716528266269909528660737784973170422409028333858070522660907599
4774024940257712349371248845501840009544530180895035663519273410524858053238
6492684254039247711120616647406430763803059236762636509335603649550553435616
20771468823570726361366818215861608649059576818091620623157713556101748134372
11770234809483645852438195876591109251904813195909801267796013610714277347278
10322220982623441869990996687272667519839773221084466704263092761447901512117
3873750796549479014998049182061589742243147534079044128452565125163635863792
16822068107147748367260830510353037256008422122115738671496285709779217814945
9894626898191884524351933214321095257519558205219922050393534754827614996074
14601192892171927905999982540260020693712306290426245380657926166256138073598
9507456803001734658737641235710642159379435011566715643921196640676158132603
17204767985326745166438450937743889339302038750836189001173941240117259581627
11493735704785585407432943012768068237407868899310349385901453142043105992145
20264601365705944529765978188292560353562052194559042151183990689436087045415
6396166643103201291451232462310280514789516631380296812005611744416636341945
6058445133237719937803819124490281802427048168421128127070586670707895911082
17832742609350217271111001369998668554917153176201832135065834598001176606174
8301910681660121964370976371283430908357731729231997961142961954342095329645
21200700180783276860226125147359033530111487784446376587831447494082008760372
1364486141742658225769231963526281625713690163326935801558529383187840699159
20160669267302086336804098028492246933121636960809421351182280337233197662342
3635162620064198915033858334726014494627531534027138539712906873727339940152
20185829971410353373403938384712968683319708682735072330111840928607967762630
201523690073703194002962504757428126542763652704293724447838128821998746350
9709386469732131146744455888595822333747765095732359649526137736669486544832
6214797208590500165345122859363723824928963832472111818012074756679462353515
9545179136572857559578932159310632305901168870225039498707457861463081350889
7958214991370581593237224161079745627463630298171564909746677637838740804837
10143975143960280812282386246733660505472918014880729933237691446362785576312
19887571710409013601609612720342170573208042935750400481652798519320490462147
4385901431531790517574018221866017216283585679251714390188554453215701245125
1664624586830909279573419685895566313699996183243836877427547144869129575305
15793134038802395204513915871355486670799044444942914383804421551073411566881
20470704207635104884647349860077097804311221255557839038451274311052027499926
6142526726838860239230170135812194898945683787933736938595250804972260353985
13855192186192101570267811921410903075943095341965742420598451678343592386178
21061758735696246985536203700046768078820850320825204373370639318620908053680
5662817483820503797666808429029051672943117302178352551614788456216271483237
10333519634297417737172450445440333857302089078097476871967805971949123871529
8218569982501149814702324407474792474686368395700170296571212557818282461359
20233400137285640555195780437569385053497789288081872387339896466294226099158
10072372834150094335098617649200237176564672558260325152023334458902878530776
9266800412877476308026297272156162694485705323044163059710847355278349659379
5276337117659173276438760052296857124207008171563166875174912047683077401125
2006436301001583347899849869571017812498189722949517889639315185888688453745
21001242218121797019239763758294108685115914209711313091446808028690842184156
15200074016374430224281445993551091543367930754541238817021042732526880610544
19710826528876999823124699885521051879572010811534557471867248186884736123929
21404362987802009741223312847298906544768900296657310719715972255986007016585
7600530036229891939971232581797836974827849142680304648314541550980439417795
21632454463616985503979878539576013805183337895553881618120668190150301665261
6334758595723856085036854188165101506598081801208405745986881361560891199193
8057222251861033664666134852961391247267479839150238989503146436301385103200
3219721852432286392418844864881031568045047266727931843416507933961433025545
15429997317679838542619650717630685653076454689042566593207301547187192181410
329174031237742757022307048272693803097641581155976690924186132266202912753
21732746139483704151357074738923965870601454140619898689390165872304758524581
12807082000874685484816248695921308340943213652025179667821051958845707861874
16064026146032729000070008033632737632876654216683451632905581465015365908257
4212217153278443796283906098959531995688364954974810176542537190766858609818
21143229289970553639173591837823586981543332391397328546878889800049585920625
16608191574158019592113901126750079565651977188938492362618874182536574927398
3624421885419003645925287958934125046517213705659854889615838255824651468218
19316501828231774431815118527212477451661840620435061360743197812130426231605
7662891999266634580053960517366506438335835205004858023405036760628949585740
16083409929948531376998108923041427957606534473459279085237388567102877584234
13084239861882397209044914415955882241492175271640738785828432132564815850793
18210156525345343590423422394059177051429214768712959878778772626339164549874
12315464041324428320313158873511378501430493994363943547122434404767709664853
8954605304811330146055184939317681861245665333018873540562258152334326318605
17293224339343743174562117843833611404589728024045173960633854068798646969854
12077428955835955218060944701333382577662880272982277398053344529073555194830
7126046228531607392073289758329125358329379287853920330519927955077178144953
18588044234272060286987286081803360761513524944191766041826466047510554640918
20890448514466943340126201065304171306189507157689256667534257974304306634091
6801003349507087476371788107799511762780253146305342273491215439215969413940
3780619510354109448305575837112860323918556596060836509041441555683227828678
8767334354313558924867811651574408725653000725545478833889044301516199439630
21066572358677074507410523123848261256731407535120503516033231013762098795269
18362039042064137510549303809539961459419339855353944845069477034687076489851
8913523920256755688178316396983509800293437764919338700779034854771483564854
11723401432613346160205532396432709544892024270048469362382924649893252868073
13215697753311268652932970590975269015978051881025604765698398517094385751294
10096875802507022627888049762027565166660383010058121573194339315127497644823
20585340774134656767573027722172296226739825364200221949739798500696627689159
10445154974790139558211972190334915738383718443406895551366524953208899973439
21673116720904254079937605482525822519756033862602805679958950491098633276310
8625969092860470813380520419082444422545844964279894335272441710185243798934
4025288875907887520103326512414690750293134922246866469493778161136380894049
14323499257030290650454481578106573336673758956871892054979745929234879010775
4477626471847050821212591107628903165841822822191648560679737237549532746098
6035678895480961290473069135353807694173152744259585744720200702817852056059
13087537929005319145430419950489154179166101298384003566794942619862071759110
15034538492744821867836124336381708186593112293438604485661643830336837149153
8805139564894882006885168301537536158944953788019925854273090624783308357258
19958581387726270611337524069699729934757503443234146496516617463929755531372
18594586877352581063978277344172832910008313781358399221576815775414535759101
20126420557250610569978010728469817957691099256920991551072367148797364737827
12608220343122929299383466116607513455913710378844501818574872277345002049133
7472029840435729707246144983643315764441672074448478483499047549570431985698
9145534859649655987690711448922451001707059796425112511085875363972462746054
14833791973699407961392823324214593517418186311389016446279089810253909982772
5890565022258491346280610728283677536409667465411457717498759331136098626193
6036941096143250281821883413338948223454138251490770618188682101941802166158
21282043678033183106352077009071810571452663281954166213888935238324321673748
20333804372144772829649652869275200527604963503726633269029046116798625871599
588131164750999180590569033490334261814498911261696634224331209454245047082
6825251444721740074952317618082720927334521807162055931163012547596328197449
917697824543986394290655655205290161739195186499427989467675782006019774097
15041830455925245428849291972925354368991606611607025955853683450026323915411
18474239974098280549955893651580150846097530768719853315252027744284466692200
3611784158748153035104121136455977264222066374809674800505557964617331443457
20604659450393945231663570065906647078596881678092078709858521111095167311757
12029452301550033145724326108003255082656089254479215038003174967331098163936
15356676148621236051968257733981998213914051180019702757440018429006515803587
9423362269266211501814985604120446961293044110825100766698681717935266136618
15899728330782424719479421593102373102438201721567285551304437858855478298992
19106020154064303782722594063821106692950347246115176981502414167189733529368
18908465093637028691441981127932774442154173676388632144231302290143899401470
14007866203893293106212925571168282959988090650409909185874688109550330526342
5342742216767912627176491444663860490435717482395442556665323768598286007506
3597106827456013501397704575480537495681742041904755766922490829038770978602
19345954862705630389044258042054882168728404897041130532396992253851595567599
13651761202893618441816264801125692678934609890284167560926428043317180108703
16448172308101926626190311626973854215995348130429072972101942893358814042334
13856649049195496934480457183055513754814884703875171340785294070612325977764
2593658379576055879381789234288074898757591156526450196693707683508079496462
12697568363447920404231218962893478531573733618972364303216707079428387821529
10578645587798138343532931014102095372709438567484299904261443385326645475306
9492492460728662705158180596118275120458955222134204696298182307017420905508
18064023256112871749609279367679203109309609541901431681842430343172099602354
1989944422169611668560419735240024090899518972063746001231995750158992709746
19903230879435744155012664241474498197586597172440005182506995303093565641777
1728511243862152479724441453437511013527085523030423049007411340644871969509
1750200860549110325737825369011951368084185262869489413254703181129282667828
8859957468047988361338455823958226995655820770262073750796277641227321341998
19127783638542055071733839851815229696558338746338070032734486927449049698521
7078877955496438548183194474726026189811269821062629263278508622456589680639
3091324818623570240229136118759236075549426086908228304466341498471627762399
14195346783292343393569267444162421134560117165562018311694222203790784872224
7366930408724527902650425878366319531313526362168392830194685421619273052822
2217598702761121052299380093973147900304006951260118283287015270774119856107
16027808241528674736324615318588531063352235936452195394658431080548186455840
9737799828204615060867766665537725835381601825573025977613959705161843611093
8064501393540602388259218046920616332801811052858376733153856073004571475196
16842422805430821078995618361206787780503480464556310995070028960079907202166
11112062472802799468234830097050518793604563281810316763737206541428998286081
3996143098194824093843968965659132847407504849137530967999278126450907191255
6307499143062236655628471047117923013144505466650278288900215043429516667827
13925586587992763438435497293527949989397459231522640308463502932206077961500
13087452945182453051277972085750711303320428980713041081211383304385877763691
18093207370226721487749634577199906992299418255969574006908138736154443387826
14272048411789712231464337625432600879032064592923947963806042930999866142049
5112973508688401012277318169584325529641020499005098236869086381676918059371
15127813438826152618698293752642344087924814601034550461410899877754994198299
6969695649962440087033894050377257471647257275605050327543911409064993144574
6755033946723836072389613036793975461823169166252828563832361834388266522342
6630309846049050707531890910192358661458908514573775713066783149977348075866
19770918646745678079472470109308561511682083548143260940369403377403283034557
21433670531093667302664653834628387344084043216006808509497422477800438816334
20400712430451351419962326556923150417233487338363092310732550512855900177990
9914702749825526925254257687000920413318621895298404563035360292451257098124
18640006733688503648022700222053193091432820833842731658823766601630552120045
15001143407594668782401370718438100322710708950874705625981291998887962398836
6239670443845313966789296359213657096108058977356600364820415786936148776478
6433425223024186602967246363501689243341949458306873394092764835636608100956
4675918067976678709774913862522295500806856576135412363070396552169178386308
1601751749870408670839362316137379218159388455643443723425257645986433854434
13458041123361531838745263080315252882353509187267791623642428828275334206638
14471699013899259577738777309533960354293333303365529990782321200494073324178
20280430398960027135010448240285550337237252858424335652593355698129656795752
15301671314764260006262782923235826735016067425075232061024349010859210176138
8527420415370243636986575303113397012724035052720519440118106033441076019119
3475125085974928986675306749785419160190213748540322213576708845513558192234
9006980194944928107206620529900294492273459999862240882500316250867368209534
18341113199274904243447557429147408702772610985345439625451614852727142466679
641303854841744162878167226844505402377828908784963225549380412498130669293
12717068536550964634894133707393353175533641253913906785707227145457684209533
4743152264042462778433711542894756531279965736412696362852105777475691147133
12538011691198347241319721961633309700824171196141123297965193643240835576405
20609816220088637782952524444771775704801169004700347625707989982325840582078
5706720205331708334089980420369782946367580993809969730038974418250776704373
13670952207260779576827977242585356546757059123105172869720468020067882252702
14767430839071230390516499921530329576551075490453331584132978354378461913602
13855121278897572089789093806573448194721330823581341784260637700156610112500
9029464346382645337824607466955710618425900404147532427117006888589723750841
1522014999882036268928376276435422913665212355063956230967744832498304066925
8291362624704304963260873050727236420693946064959013721544766852407674345583
13589063181500587026605394799486087482543530017803239994475549538732438667645
13329949252386676079710645426263377053183751810973538969788279784055444085091
12386680681590613307772862225908657100001403625719832791304530216719729923003
7313059443635334631417408104276385788845981785748211548782869561833456731323
20041885136971069417608157269779303040508951822068411540615824115716811017904
6497376869042504752008054895287149835408180730990917088183191265348284326357
11125724561218240201117500197186012921479012541837342663628667709300377769139
19153359808996709649541642396803885814514927865816858283729145733607372609049
20152572433538554395328147373104228881714506304708579989936661727209606561409
20016439558639474267285355593250644884337484988031314831332037478976434317958
7527238505813249238885718653381005755459117986453125478349742303052560976989
18157976047185465548629298047288220777638494790360987385974875362640599836871
12215475598068312355286440209098941716275384959997573662132780937926913300161
19661498481048830903134453807971238540013636804700867840177613880955309016673
16552339415724980921932277403793066165528259484794112971750640492538556458696
18694143444126088750994041983752049518157493949000498621268553485531912882317
3713967579039675465490867111467075244841382142654006118952820645091137343179
18003791572957152311824638498878311682370695010264579557670846595111585019742
12786965212577099174577804313633357821910340940882518052929431837084369088642
19196303109560878004701565248872597636081713248916827960361832879728708100252
13503920737086542355495290621258674491187655992864087131383678759555676293479
11236070378728091455898747203990505205014449224981497050563648348504784872625
9626632821060958086537183012642203130268418644318548991569123722985663518084
13034637881184844942276438495251249937482750510182566475651230823087848537016
1332579251268852603948763724532278782861309157968811258504214239247723497919
4440487054089857105584789445239911365602192945489433191329897791642671641022
6061652828396333618822938589797622370923339089332057787863230635686741988906
20443625886285957158375952392918402164453450517610142032850159380049279019890
4971727988681610479349722318571442785499756930724120997617079739694258077982
18834174333023112536455562602096071615163100988222060601738058925300216483554
1418358707619290124642186511810240322979679442148132663647788839527968980321
9146563693745266063334532013679253366507504975079644933043489415067653903203
10198203189192787713857436708411760529883983417357336104059303759507359385362
13457105298809247477659188594503481428440666731107167805254859937557834208828
17541364687047908905500996158296679129819772711555398152345796866338919060112
20692063470613585148684100931411467587781915529223705941251811918651910411051
255059205539662129885859108675295842232143503986252525395037544865412535350
12717171726844166947240066436059787676718930218202178144871226850052045252628
11844159733516000729567466032644347431569093736490287481873540624836993897027
11002794037358979127166193862990494036532493412598623614028528989937231393875
74143635505641635571137692594773070124419429312664778822553090280375104361
7056329304173643667817989532223449288690091032171349984912618184745639839146
18641921263165235968711057500989010664480104039807002554029677125998810936539
19559632820551845243777081617723524038257569278710484296878486836843940297771
20335178684657665532201643783226288715290471620876336715869115375508863124376
1400810679146237783184309652518065868576549410755675655514372408922313217181
4901107318137271229016627403293875571324832946427895930672961592355892796524
5432919409806696890084817096600220639163358481346859637851564223110298016918
7553857716186244958951458648858814979749280269320630962042771757992327513590
10889701053782808013047326782283414392744894366555627960860238324337962809504
10225055313049541990073049693496605844127702734102449597528239569584063842673
3178201789995579607967020188792297279206559603024986232709441132816492873170
6847656471793158091195364320441056206778429470543211654532315995128613054310
12528583474708786099486823217911492959125739967840882229222854187982855300696
18467266119817551899238434875437425808022051394845724810256998883759435014686
17038264911128891077018547486438046001433165723713308233430847345626729200927
17955218916742955831569749120296633004126823963586826720707041154002710061824
7211241300282304354221867200910811631523632613327223837945134059614958044309
3903314564827641199204912578257298318982395101598969445634590319788688787892
5807166989004370646148664081075213577472290526426314941919217927313093625705
7286215868775919967580841436085988310805057373157718787975640918960675793864
1250176112708058341117534856693109443612022505613546634776485361294747168622
16240306074762036443870399577875028338427695244117010393369806321281281115890
15136410716022250493730454911117704953380153308032786787731835907574927894490
12835091061815802274496704101037812141879397401714459083078081237987781157602
9740091907879287748866588073726349058132835900960520906530105112062664428632
15914692134543071914048151066306389736053927516189539093172532429297748396169
981367411385768085119476192577825808403597700860420619441932576179905250934
8146729957224132449602418119478334118295844780357577983658167000941734233326
590349410629703152398401018217258970865749864711821880028353966569788201764
1825395473256187220041087977011184605194426952605089376835233620262931194993
7123515738169356759148725471278134181610254795201025187792320024480691382570
17726785796913877143757425784904469412799726913909454284181133920507167220504
11651205611193223879329620496932918885123654427491270580240367578782038527170
7363492115511936228845261039013774575631247230570693094937015313770023603570
12933273009260754826631125313953911983930122727552157672205237418903525642215
4587914992471995247205971137457571771256946895956563575187244174461900917940
10792746122808647351065474080470836119851772052088452562229191086431179404978
20854485826587742461285159604615271614646978291370447131740817759213177014870
7837325030066353684135714390699866228186086140255598480265046489057880448954
6126605304840233971990826423459339578353618021565536707601222973624714560789
9552503931384803960142614388346661043921110897228435044165354206374121160883
21548322368276531554717543098918449676251611754505041151177909568762524391378
18180071753020516412865055548290459200005267908156340472690024449103604081545
19794881883035632088168728687250887611858393833912902865301935760311201163703
12697056234954492550471667283339416001528754790033934829512770385731960713685
18997188462081688420104936253788181208943789361069483606382840563484861418437
13583525090048988441168973253797491422796978202781056749054729098883924623495
19314654753949754551488116156913608959581776089474885903850748881648064831000
15181859580303507964634708303997342165949140724201743603210372837522352052588
1716462370658876925282526879979978257325560447381441363811430134855582914078
8712634103130722740728459133380535370865755065924597276965974996780521350960
9765286726648838325814219419835139491993130621932376855733750920135287306908
19656947946994771960907781244127562602401277628142459052853670194718812445557
19486837510931007596539998551154014974137134735704825357816939421451262185625
21628438018144169767837932394788626973405404712219671990762156320628259145217
3756950750264795710121609861402232041406397600142239597456522141772347776528
17539873562638205978340064500452614593864489286304276949397837992418594034919
31501567535731664761828271772320938243617735864979347171792246363428922702
20352331732176385362929127748957145775981304217223745596870640808444167485233
11226695452056490225554147366326688917799653401898260586559601210633144658136
11279669284613566548129429232553360604072423151872075897074160621145515173607
18292000567925132069216498991188575797602397842406377969706321176845302551280
17394537715319668724138949078062966852069669620345676386188677668125466782838
1758531732991926253426465239898570102024009352558916489602014827893071642025
10665213752467842898072683993424618781459586563812993734884914172018996230127
8324794334508227576619756931916312729743681044831168054976090310260143855664
6775442988166121274859488523805155937302608291295720635827623408019663108145
18295585939863028658565671525942083548149809167848494003118620027469243247255
12098041580596728911973293152187391806099106269046962124832995425376587592750
4179756701368801644640767039230959196272720402682759516084041748778250510583
16793512481702225401381949294778305375341554886405623120613660547710034551886
4048682207452656355407948755890074205160404299490847582459375283758637453365
1909268909139397440485048370655601811806256012192941212480683118923705439669
3957160465110711873678443805553768764193925226448354732024034759529771356073
19248605214573594176390251265821595013690814611654024253657271349217548577373
13868854211319335141393401333112190211632180475309484073606978199113030773403
18603198177495186944736198329095228547417364118472010561530819889899131849965
14961608796326843943228062129500114917120869339277918579779470648489101516583
1868951368661473960034964936590962790214375788389753455318330338723533775732
10905586386180037341368454391941851073795645267274288454955833628477189437397
14954127679800529819463733123869358237687206843820983026443645382142721727317
100097327222806530673180018653982439008319453432490738486899052539918122124
12805546034879808469495394895280673159114129337420886322224562831326122327785
14806980879080756440413940765209361196073245400503251970584575890653655885707
11244087337738788153622356037614703414595488262581651455100475566242231927775
18570222240753995928776550172488765352849447095675359684346868515783858763055
8341186767195379582987673341587963265518616797937499770780867790468554256976
16417432689254526830515766295056137071443518160358174458760640472715479776587
16841713253514960386433216886097940412703740575768017997853214356595383383598
14194887769957144867963380965988802472719946120213216012427494993012946567028
11529543378722012166333054004374317420377342192547947476057235546295927556027
6228288822288755015903485852969606389475962987032899088796179982251184963398
7936701363023944576389877378554772776727492414245244625252565794409904100031
15001498940712434912521276724772034272928752268882108797824422534795904619598
8473716056033059546731002019964120133827043541589774095605930332153697155158
13622250811616358253729853546023741257702106070523773564774458974873057917325
365025468139420802765331768400644334625920629446545823780682161731304140845
15188301566744221387195339021364877229016833910188161414607699674936046087814
15485783106434451702559510093123052549288846753530302451778527951586674987922
16738591797575541545215307991580378005049794467812864864257667302719418546088
20925739023580534811148616300343740428924012857265956692833219002712597286911
14889383841375932440118953385212403650477118619024418302909728838111026909639
16907126208352189929083708812165010150781216847422378013750129578871272492354
14806337329187045580963626107721698864963698880842972656340333617747451702084
18421538430347165869364634373319132341572867349320823968976066555816366184444
2434665826886017086044423893890240566257398976888986717506547657107156268130
4107084864210868857776853415457685723648054900688044144581857773829680966286
9975696437638488842544898875508262421180359453753428380941136617917797565651
4271657746853939228219168189957401961257189278944783942462379137544482211389
6197095881644784733476508213210037292053663537272178396466755799876037787454
17213367299854554180584426411972899951945067477706586927352113350447914118348
459213126097844409580498104618008133837044548373643874721876534610892189686
11543212578280368772068695265607222577889093375221336525779600349460584250291
6403298899310300874478654413460079479003477532791552465502800475489780616607
9679879153779101961935393514698788441597495345714510688032433497970373876200
13406313792037016685976311954559553063553089970578743589839464948184425020319
18447061183141116334003130470774130153225311547501637266696790170481921881877
8380490825353548292894683756629385493171585978110314915970595197861650821468
17748778220767931278266669246252235981422317813726374848817938354712043425250
6989443852838917282085440504075239616539844445576232297589557657622451430824
7831657729066776489302369169030303662771324770284845700052063314128105065459
3925294941359174220766529276974428294409483857727579665373968233976340302182
11937917292063962829330707841648838486196775641195800632090436249316243167473
5653419633240940595644007985875227652581749358539968324306529520430709397246
4710671638294627998538116427765044043262338916893456876128991289569569324348
71394869385825610742630406624465024289788832054180269745498390791493509963
14738615985593994376179875742690333041302941042023229128451420345640432224466
19352351801479363044593690690009745314348194116715421753626607893015433391861
7828134540699329284695760683671979636145431779072416908240193138816504514982
21767328407325385326066972839469738803639297445302836419167176746643393964398
4363185783182535592354777041764733165968243966270266866378133278599205816107
12861900092547198665663242905083918119082751367916515401033164113207531942792
26199715195773805806030726371679979491296157888969354080702618784507347327
11422842882875515086151723214834881230789142279246505109137919711737652087050
19051762302341786952522177542948673906514656868374502102797859778503069987555
15304419135175746829806105353267450572438302765436283477928256874309497427510
15459263896362250252603436487314027681146892842462223021544635764438917687246
8022722450368098005612162808615173120915189731064159685566153653273958491689
9933514811147109956084664025371824141534792260321581906034445537159964992688
13658822996647839872436185744737341749492205026854185105317636224609004876375
14379624233209822191260559290771588358188218543089774948098229868966603288924
14958992313261503520770373701642009455846990471215730792533739030356906680013
3008264124109355458910031641850139041159853342729069847393839537381972950880
19920038730043462715603813734444323019432755215636179923851277692610637123174
17230906594400326225968287949357928337332875589057677202822764136401667097576
3295851897757873055813703602696670024935942454512523388333117755329662151138
18768678356443319065659286382395610390856779982946155969362775884999359596659
12460586127165955570640740026112067337902936125125513451212701690418329829958
11058259665604247832957658651506896706861484197660414347806317812760432481190
4480738127714472007170345890289828985073762836671874831610164101698497828459
20356672216023774813369271811683185179666462848912908217024611254147608738543
14909200607508800723484308159953932832836734953149954532962622450689109093081
9061041843468229886389838095513813426084716371809563990186852970500432288083
13877210447577198749973239837374936528445414390167357430100753821987322195433
2839635391670662085450211408709683689698694308308101424896263880864913513894
446790459594546823193048947973948688374393610819268956164912891701746906791
15513394297485200475424313247005293190116598898090270540649465364671255026149
6430544300458423909335482367339522552006494240640365398487065900428380674587
167620735842959596421416387102879695919480795342009064535989276983300514975
7851629689216713462310956055612887013872895546158054432042649792702892211944
6972603886636382162328373670318167574093559853635999968924151410796861460213
19413944499150555955013296242054320685906330193520693124525832782341915610104
12263527706889748735493918123122221596983902069097405802497958581677957096038
12724987466750360537318099905062339029588038359925927031456282032606443592484
9708897601683631082524518294366690107466919479336384437075715215088985624241
5574496517333770677326807465934080003942242224011251056548046091202080747952
4426233947499799157064891373345188337862104712594055992042177154581455374210
3323616387049914826284182817146044206680302487334156840960948301224727078983
13004254604656434940963009501076991894817629784556574456240824509876544606284
7301157702835275823143922645275544869236677259284614641634323459896004519527
18085948818621221598774302236513376768745135801526414290158313790799455691975
15187850571325688566534378765892972581891242830408971491252049503437712864152
1246313402425855943486273052355580345666640430821848725745627960892819218740
8647394846748193532697036206738902082890058434940110730560542269988727795912
10064655809228901737773717896104022245084200167358447082271876992404069509689
11849936299337845059630533008021049942767799074160683892846518986534992566533
17222503330227123082665055850287821041983218187459530901865330120583332963245
13182290359799776528759669559625168410983932493170206108456280901111876076502
16922308846046171347608544335458702314243928203269931669473214292617484140503
7558805163644194610710740916145749972491144028571940176012011742150030513578
19569775351485108268007779638227959360722563519500120339858146797114197471682
11059423706111256170971735544260170713544645580527143674901672982061741530101
14932750633257527497920398771292456029356930315768552640257901217840963910603
3437896142924792262479946438539259423504563537021031548773393821349707014872
14782805101152549038431586973278748014002447400847124060642259960939628565044
19682001999640336579725059393603666122104885151774112167088565361216155864092
4233558995266469322360257198354042357488781625226686110373130567271844168385
4047511689246902987779521780711143086427724115291088073014684434358317932158
13856430748589477860039479213633534029749590309123560510004500567115861827367
5679747763871928801801426015291106236767446876847749477902392536633742028903
2480123750122829773963967496725275864472046134363280592972001159541781284867
3193376214066985989527250356837102042223952356102254301113166141443841024511
8062756153672663466999843325461563174537500405375937887043564985230465866772
20934273497132536703003386629581299436206618333301538059074736379428757199398
3964142000339408965627671968349646710437601305543271274636785761452376263382
17659047756049778260030257809618419752271933594271518827815853540916989127582
3930343349615664221386794926953117177573248229077177174315534154624751347076
2895341264817391965072938270159088942930942041694844772295944189135688863196
20818043348799096204572140288297522915577162783223193328931006646915252532953
2323581855503968054101786162741712103392782241966098143187644164748998373979
21506950445835751487883729097676565482258136522526260378635240810473639421131
15652663761688777314836638604018575636259220826467294056546736904699739444415
7055942973426557227578535789272026034619140718369524980726263182702440802766
4949575918974841751734514119081067078445927926837555007268000255590820633720
1398399621038450203083960309132739969264364773648996881599178794373813964423
15732506799197618296258053128654220838812930643001991164136863850944185860296
7794835596508268056707656540537636605902268233816181487738953353424162592877
19334780957038992630028385332334147629399375592719839985802296503565556738324
21635034093671076768880953665214862813027411650977124864184274112296716574632
10688534301651495143056852052149424865722511689194196231759927113549978532269
976280778878149721615236526300424224199708100054560296745736876703945737879
1661236337347680899528966953581439111854379099437324147973193626090712244045
376684649999303144466214973033408609742031466036082108742020038605665915381
4455377013377822379614998251281676782235647079572422444530523356359416320717
19050227778954804843017265242388770579299436899390433258601701002663268793950
20176738847900667540339144241305449384029623393968373234965844794399275414945
6563336600400724498009526486444642892816244088883489205001024055715188696046
1774742053125969896553337470644410955775448576794083561882186570750312466523
4720344938456070076793371724100707050168913253766155392188169516296487837219
12386484928350266729292976320659720907387619673269670145583838638028478942370
16511156064543308562970376025636430728255148453048880933972883964686852788569
20161060548546289109867983393573712303980348945862267966490524939511877278515
15745678416495620522776570951840736496696200297848371457414809276602866061937
4371269787269411959190919691547618186773560770535442840395153562222650962400
9183286542027774648383851710226269089477011745654659545146528858483988667073
6831030131135399650979313302695351819580359371445002328037898607795789751628
13808316624446561665670975675845412570522644424965154154503596711464812129094
16573850887526809906244420164574513771138034770054149931125695105829690192839
6536774143914522904090235450413350153861560318210355846585220439397199352760
7433401028165144185448409996814186253264882020047922839648723974949988749262
12023679188187515805015064799648457297092902074185758947196154639017034370941
11526239531876823273618354625960431640864995247037473959040869772406787371745
9965606134640358953439667616539308986324141554480312185321082780157059913160
3745993460581557715489390110730324720335274000085036229679909083358071037494
9383224303353982312273937680493563948228572509816601479265308820357851069284
1487827268845002359294235769079867448539095616058866371843794273898817464325
12752425410737476015270360130920506733622111261208379938979967899453342006543
8485480321269023262044616550897625372838041041299338618725089063696829309383
12576415359894007789769349543504370901641305511107563487651205088993508989632
21051289172896982928450490300579871201387152257916628019163266526462496896736
15867382033370376377605746630898769390447074387330276410404020451043720395429
19175636645506837972748760370147539503389959528500852183571848133179892449157
18562815464677471696203191443459870050160752363485379734113024945295929018010
10670914301723557472895334516073215554660627986142935452136687134270343499283
15711527071984806338686904487656233279759984782956970430068615997429454331060
8708497335606838864375996732302168404094513852034309829472484268061328157580
4188819471869628756655847772489988754984005896205326092058226221066145721122
6512127543122355053584585699891817324589817660150620823656474181624359941201
485283184789889690494624068272585257719678055879291431306025716514618916201
12469998319178098719636931437231251055837496888416524814745527432538031712785
1296020106178851400649855820617531046666668928599018437234450345456859444266
10011446468770184926016968173857732818096269728811257796162165899021103326404
21669153150071610384945525175896288044525929994331131233225247540220566590451
20224127309865911841696813826362911446819981503618978937382553360215894705096
11995994988481623386912855165099904216709109375061333173068533008232786187218
9410915142880940758336239494539529470909530692135279575732428340046078892946
540343796196110456420764600417592095932817965626261174892651237721778500283
13684306082150121243464309606855998092353075421168995445316517423697818489078
20162825761581699251737493230139692067729837621407892263730870777826880180708
5352686262532923758786328475456237662420216644156835779261605606151509572690
14736042040902670309572407869335525984156459843045648740121852458089457172710
15139196852186360494919007897486360521240977399849539996614669434222882428974
15545525411887550591483485994597179301368938856348279539852576272926020931130
11742635236612776978185392287408975566560283293946133146948657681925156152641
15933911044011218543142885674144914931062698638612248403425430247045038884929
11224528638969252327238392070525091272297579382723799722332333037066879094771
10619901685741876140226157641208788563882472537632692937793306998778377039845
735284898318336599638540292516453331642892791568249331436388578312138627149
12167882615164420400306427908818494367178873976878804005748498778042330871045
963476496798286039732969224933550470500612316061831761002103352026702296408
10589214229258115348033093903975219788029199245856576715398082842145004049938
21557152519616203688970824263287584036198859167308821872261472006356046725775
573869759526051245236872936984426432239686428333700586079723439581218874054
9487380087795664760223154980070289042545005448274508346993861027000032902237
15336219129184315874932697305233742095099896250996970622669888209373427981768
18404646237880969912286263998117686518695361809473583072241508209656556652987
11799938531163685220849832019747758716514224719376128562353011229084757783628
16344281677414470708413218213072185241641469290932113189992078158350700334823
13411067297619308137174262243170594092291209705703155674514006442224279302094
347096376483719141995221552155578565668868956459941108952060114777596679497
21711034316629345478518202673372708169627878437940325626238942704003376069559
18882050099612599842940192045274010067786778900079004241849918566254608017530
5764257238170917062706360501552002326820365975520365982521494644422134554879
15701229555594307124251301047127236083745198814231032790649389796695363681317
19380342180431843316217793484208165905833096992510614135124089140124740832734
5309407894979098314097225178362235237148427064335413702368413584568729847810
19819307748431076945425543888401840319829139172119377623119035071741874422686
20514761050842041997240240118048816505140382250318444479066954659053422537618
1344402086478653057873064952452423683387555289301580402150577440089615404706
16697255135945674012509919105064086681485448643989533271078867487484115301326
4621832835239804428359762201398927678345509964776233571546153039277467113103
3806403786653298341904285490244574263470519864399252904304315511448068846106
19829858960657679259830225387994355131769725454664502533894857362311545270016
14331370957097049770140547885384829422939088321033246508644491038102571773100
17602213870111183187455849162801944225604239824059691632957781727843794239813
13431951289066965496411295925849182623784324208488725900281691974104907065599
16717461480909222952301202387848079129664321734166452456973177865963036285419
5335304795187086185403562863303763030150108130150704291401586263249269328606
12084224077193103457678419187386990486069302392148214780322095375978824542075
16562074867094659170642419054272949287052074902139533680078784684856883275478
5593185214695460463728593774938986800789091570195563391333689785627694694435
20794081973744988874029976307272029218401016626938878812907621515041534590160
15290613354786940528909115982493729676786892068577902693057827852601851859953
12549551509495378488198674258192692896591847320322918116198744545244343099813
16172760618549958023639071988927160267123900859890153325976796899698706870529
21355970775695686114097146789571025790146162225961276367865670606869296144640
6758388446832091660422761046124378827605916325205674642673860154638138778023
14106404069959859167123546389809591376301394503370836987998148793984105405167
9246221316655556670219438263600949328330249756179668376432941216174575243170
17439153852461693097676073072037755599321185173017314957734642307684740219597
8081777382362242695298005068719699951526876053236775057946263871745968444089
5955062815471620144467538738332476050500085920379711183343040972831100802372
7135549743533376618652729621156592228493633259664287822661943632128030927327
6448789306286809743113676641229641365524354356867853498363388856986312333060
3836133206442752775823759632522089911744536837043185745585363415112795166600
8306967267195429229901513132397768469414281874455321140328179401973148164445
14279081291461540920232629360665447603436685365844514491245275283801357455033
18801535274021869273717064373621101183756544015062966551566128881569524508060
1290309525505162730469471418279301124342110934722264762505649909318202025429
3684482296351796270499952631629720483486993312250657634474107248508746062899
13174517099719760880623841117042663715711430443825712743356469456554740491052
12367323038661460523248093127080567074978912019587769246568174104058982359108
5328098381011440170293483375144450438184897394389341853376147620924621832373
12027556664769952184858265393953265399418219730267455116938121684665358512140
5729732888348277625941886883620484887709258694699060380279441089816970092500
4021085134780294168590418396176917282024838594185209785357282466818023080991
17212964584402772629081731052343755101208077509065176631705574779383125014657
20917432005010641713392920477403385909781374146458276502002720501978360592707
15295563898035514774486916635776497660635050791955975586488426545424778559212
1359821178683766445655942489230783986383452848368510940932965034076334706033
8110406013405532283463947127567634123149268608919736912581466809002624991926
827196241038734359771319428856617658913932049877272548875698342240161957065
3791462512735380195191512407306530846222290938359064542531485381855595890578
11406017533405938491480863229977030648871769070115386849200353035840595881771
520670302347263967262738466276891414776779776742458165836379179429124641366
2448606803226047006259184225386977543879941109635656602752172963011710994490
7191227529515483786577983572625758056228282372415415309332838080598142611412
3307446417204024568218448979093609311776086880103323372856728466529459088211
3813554883592508538818724202670630447381185344079357801330890767369937578758
5250709431012867357277423372041580897716232143432581463056922412233378167706
1091692079685509315891403580607856616782786079784896146193867325719999481531
4469622327160639333299363654867070539113198566013450831894562184457403911597
17323310137022557438196735285237348172608407585356043526322906169573029382454
16687301461250715912904355201855034952586622338354151885963080312175524252322
4918535113766539148632870060160447192025270821762409737556656897638575667317
11072593994523457387389747805751581908149754361901108358077132406445033545004
3195233728052289389067022539306995714028010328554486938319749354377057516714
20817686894891259203267112342163112292566908705837357461445233267117792429649
17690940439879640319699865226478735545090209049084370958835445823603146902951
21690628807014351230241926358993998569388931315165663025074689739408667261702
20459556268654252373755265495950372631044421643418312123931432417755203158692
2615012003869030558909061586486157199297754407476408867239954327608829725401
10416424720480840919038397124331362407722217483977166150169359209212504823727
21194909967788113390574471899389319930586662664636393856442773352403088570772
21522774899908415003330605964114671001565200771087582504208866633533540017562
5506611081865651016465481008237511873335242056816344474949867549242155650988
9546865422597752417260521115459137295056544614907437375816616393702205361356
21830596616035544007289279751950703469521180388685936491933709578982542912017
749611610802485176586202226352686769865522163389912514564999424571463284657
6755555316754154503813947597597343604907450943684878399336695170747270471709
12170672505455181293754012516713072944675179516356563083524964881029055628483
6707337549725648754250613641063009246814657413626673293152655855698987287596
10796498904992920132771232449170737749742455370471689413932089087977711623836
8377594495858973573128154823903039902710916666748285670520960751078778241055
3984683583649079079845275538974168947709880082512288559917193166572776389589
3342097912826432514400613460588054784328673911636756618761620185294261653370
16454683529696451672086473280821594992928717172228276559555553609303793416523
18807899744562842658522302889072060930222870278511178161869216361165074271071
15733467702619867688911165419464811721151813607792971238595067966297846247623
18142314765654743253383559257284245535624730148238939832089390410939642651454
11195224772751371350570884976842181779831961285896963666553011681145523971069
439244367736881667144534860370666344402105076566699968755250684892603338082
10704735720989025726743300184412677969903347430627186939154207946469729017738
18578876165452990292495920166540986834727225658030437088905164910953626259691
8557967377050572410782106944750290348752651270453684627569664713996263383548
8761045577121588487744533431678957572685193486431511842082771483510204390408
21449005117895748002614414579158497856671036353929407470614229969798846654314
8742763699897193075490808534988551410985191733407596422193467672281063172120
21640560187468057824325948244870722744182743184907610616373323268039154063822
20504827051323136179653341596769205909304116951166709098994304340550034816775
16172525553351370894318080522373536864524825253487998830365706514360525527841
3591685457927038924948528662301423116917211093679974227116322357454330018554
6023337410706762262272160833625601604408129024083079173527188974815598816732
18314718271070348604361238020618683829686900661152269809595508349472847942062
7836153641990744469550400020392942083885339413553995305082889896550143678297
17661458352757891434962464787581216134089171454741034624471153568868635718017
4122036760441574620764812242429576792598439550172741100479310420694208068906
20862235339890611718235387895311549206105487705288574136561783190763219344570
2850551701806552645458448511649317843914427882049290827414738885733429831896
11247005361958789340696615426808536553465247486357927152826112838641725799209
595377141566787974548956333113514797724094819448399289547808025689225222483
11650535249856393960142913145219442364845834591244773725262296147168383099202
20317269079309969728497469029861008772266846936951222269809633626856816105008
18373353028723033673212698815557995243796350917201491012576826029280066160567
7414281571887634589036890397094381209738607746338326059409587963803891852201
18038763738650749116346354096722212724532913209902202281075842225944189538168
1770786615956839194004148114013826935077292967352199469327501774219607260953
7488031997643483244135856650059587771856081877857609929648968340004445042854
8828420155416920637244885570572746512651260806059857940333819295380848667606
10713758486859145329962611447140189455100648474003892294431344231535672892839
19425964738010714594065721309197326935753724219070408633462182732050226443166
2074939531697630696938698501714595125993887544292881866150005180791766942998
12047170609336587447894029543834769407220306562179617939497216596360229783300
1264730939976742978058162525644425945405879597356760675420608373469615068174
16770820387947475117163540876143499701759349964098540413422664664028819497801
16280068293625117002805552395286584356701604835446863786447466051605766622630
5829399622833188992426267462479081456743106260845929463922917463933701539334
10637584899633814574790036401685386209425675304700886428980902763634911791837
9291782595793252587833322197337655894886134207930378095811922971339860144588
5951026341599354622946777675133435736866407426534732764305509667517377130324
4403580174404926097288523091529640188805282235669930524399146786861723458014
5003639966922553172252470768563093188889050306376650665702227782913343083764
6558197410800499965347594156873334155413890035105551024236266846011615264982
2475377503098365612622742300317283313185534384082772531168342518799898155594
13480086440294256226712366993542304396509909765502683907895525126405850150623
6847184584651376043889746562956674365958636593745423518578010394007380039425
834503921046130599339994952233856873876410737494970024102211605603428829597
3623466614124962325494185109684730979089103423795285554788413052641061197022