20214838738486568883466588390719332066160511773018226407137866846447805607366
7161524737853996242838650618412058002168848579199128467811556550737619970970
2264369418377007316930430297757084139629356094085160360541578125176213258694
18691044064909968568998201940845291098399339626807500263611343942450116503516
15978743992268694554518277110515494413411623432213713029162001242329212269562
6711615239704822975151699228936015251056551262955961924747531220602950448829
14954997163751606686696628499315041796272082739441018134122451910369305642115
21573550100361192110069886620445669562472881453105471211193858578537227040439
21785281999660091964290541777959906196912107196794342243439922177000502203701
2946923208312508080510106804563669422427642075683605437758174474435322095802
14039283821812338763616072949057938719426671560747126284782727998420210694521
2531474643515410792989587528850930504447014242967363822821359471367799986101
14281461695965914110119049602449207565231627068856382054789426564141005041994
2155595480001027852247471998853878746887483662385654030663226564169133356539
6212474220474204735846033034823136351584003532895558668927059407038678087162
21589299957493491709069669042662513245508573637668760884022386808061869005942
5228547858762057503048110033821407961973668275986265942002757629551762149969
1151995769496843179907951142523838829938796346663877830241077357918848539138
16195901973518083237059346288792924649902586274815274684503783828189220931050
6205461827971201267719191643863468322713562983419848159871959495317073732623
21004710389082547785746156915318076260017385298749146368429985483091499557183
10094301525352802553607719810440185681054064961117719137647202357989110756759
1174362264673060234121108394303385502501621739298129145129042091221378391858
14586772089804608057953886654898255839796797046217599185042293580394420546552
704103301411330239947625288325002010320119746677418877341164806595452864925
7447867166827402056774077383104558156866119014007569966692643297177923018546
4252152864489296917539284690826221964698345550054947572793948075436067436040
3675525234832046985215853449128143168168428943627479235047788418993254287405
20125795627598431311475910664717716586147044241536953058242999762934679572886
9159576094573932436478222856304524043339640337232471953289062354187369243885
10410289328536677868407694844650868516861553712016012272941004725559785872650
18813119519933909103102649065156934680537361290190751928265976568411443987994
15043786404237278119878717250753259786450872051876817420168142382486008024593
16614805203312302723146840789675006378900903626996105116400354962001922700157
899949298359737140980259063526066233582477211127560605822280959405167872532
8350589775626940122507262589996655703528509795097550101006133878991750882468
10881253968160794744779175936360108103824976232977458894007732866457848744711
19359742822671794584060954988237182553116341604406926658049749172292672638977
10716853194721085390661796797973316855886234718612858006131046035921078793777
1194676839570189281149587289656564753779383829131008000754135056646064455278
11530412134598354110310733773537950950490005376234226554463355736782774653810
7158806839647137330333220334046918613209783693378018773439140974716028082046
18873459493111992992450800068055835432261777460679870727272006783676545919785
4597339034364379110034269874329162788488647975988086437272199171979371177111
16047595573111403874356093398802733070084530893238592035018321960924442437232
192949463851654477795020911703008125546432931266166268873310745978202434603
4826544617576366487123936439697751633333779280970103286526767080486441353413
10372441609969764399977561535165700928227575842447057367716683958896898456242
21479608666927871465054861416648367371602717876964759897062141685818604541372
18757812710789932354215078701254559681588101606101822541277700443926569010598
8502339138598356500092304059172334649791727023646195989902300809704249803746
21240184871409684692673423121366677112492469214890212851758021155034260698420
2702659403779176675766431784851669876796725738129029887042678538644093630255
18760062461290937265331504644060340132840729161526164449611377215801441916965
9598514148929007169331478849372274288455651725546984183500169574552892743616
12460679873938368098608659480431260988399308425323633114529665233186673892475
20582262751655750693560201069767758489467289978119794831247596435694971251287
7495462389257720258504478831214292184152544822380786356126692935003910627822
15847020891468169726540675640439992039404102490965287792626266482436024810091
13444178956365729587956577087448840645730541657243126743158358416431709484781
975733333906184480394673719901416555779305044861384485566696694336272649841
3016935868211088289963870855929013645268121688015888423636516996750583017171
20123197829824640950428347870445510232078708523077317828689832072338303017047
18496031799198869774970797646230665906722932354114482887753612521775690376535
448875332457320150287933426080386825611557032389972932765197125881964153702
15686083476904717209874986881961195356503069952883501862704199048297926079733
7399632407841430295111381086121470926608686430000074868388902950170939693998
19157441199146430337309347165554892283908758853741856357912555742738097866135
16120175937370916934366957179931217076202557540631878137626313655342796978134
17363463873417672052573440102339969267068334412527908172228668014397269133762
19764937897808275673467150361977575240242645746672288031015882089680753193420
4264866715026149043371443488601547814355809386242957666273811883512215893986
15361071774597522987390988933793735468585435977940286138223232105339041682390
13444894080484049025660420839638753203298145906295848687612728375851966859563
21344396291142953621865942956005813155481114773979414786364869990164493168988
13658955537084761077271566555621122724333408573482369456630860179831273897019
12249794154563702076745009616085271813195258124596555920372455161542247237218
2325936171131642979629131064685171177284405924159468319138840745089808621723
3077792516542862676300186898187316876000625806438082696997401720196346610884
21531439209065692564653170259849715075994439889756241721092517464459744953429
765723669836774164873260120197059605145439283015732643840276151768662398969
18430565163341347334129211602477703661982280889871625277638214021594755964149
15168574820004856312411802521805000105968244665018577358614174215627811033660
15609931056593305381714243964783225295053513474263648739398875586829969929857
13057901697952283349663465856361305032896972742145291496691475939407531431061
12802339382735521870414423620343194986509343830854539673006232369799979885569
7880620299082787885902391014823825400306816285911629201048471522567587002433
11085221899164994413080236199596538381402309021910771788195135649489784323294
5662061777175931509849062158785593075054461300898808576328927259801174692172
19620207415640534190314969542389551464821476135583607027506853686406083753807
1396012663571482634431038119696061726217340333644346862093678929991918911771
2833239640477482582925766504780450890721725782645633022528100604619065406714
9289278993548596713194730547769009982667061443580050906003394115646319823584
255970566924787837673441110425992267446525707891905710167559324774004600788
1607914894461957709182037732125046273691353312066921168498378132410220447224
18182823650001333075321511247233769219797858542696762318647781137777390858484
7933393968545943401801081658073805133658457161128306876557740191220424567009
20347911076420909832061080138703827506796370399337016973599032573292195453934
21705355682416154516146726727072637540254191883301906287097797468012136754530
4393707213821090202627671673506613966066953344462172841905371093203947245835
20015218870609611793683104277034599032802947064261475029925414549380954228847
1857954279082383201486002148223947538500417662449637107611316684336169564836
17075622394357639776259605879156105089449277115338468776425087829255085998708
7849339039625631210191134106813689727565217371730065596482503614929894173038
21512601485458872387622978217203423557092449252654722032828165846830386134980
18829825907628826679915224363735067358668372607988097049308159580108100510295
20145344934445170391525281095510437469996020214770888614087514859850402376676
9313354461544201805378332544085825218707302313348145137439630918018863309279
10073510764514576042491642785075889098754556687860419668420630560526859371108
11174613823246619246542059297257164876488140873425479553593597508295299674750
14486836623332191458290523271325176557072260063250466764030358280051240942286
1932726606175618877183776650118686155013167275195994452359992776843317764341
10586981584735794740885178709528523597770788130558769643251430679627096503451
17058731514535449611097320348142652958393616886312564975789110366863616539420
21546144187559470183347034044609056404441744756503592317087407561629774536920
5681882870231768621749544290358493454695957383787481123871436386675876219635
6603033703828934401094376159910456525337139277249114676008536852402499584614
1075347119451441392402288921187671249679641364496638526228862984392689015760
9887880282527621962449293235959776308591956208594163166185549404667941094205
3081779595493746844428351914840666042619592907445560123915127502392400574614
11109844704163389102553826717541117344605357734084342755776036340022417198082
5060345909602600407449982784585458050225699107485058131116856520723613936306
20049893406143885619592680397871697055896501875354968455865404394786911398458
11740809795693360891733016778293494519471041728488086332325924371909574885493
21414777615318644939200434569971788107661288737252832241371433802590137831626
19926309906539946638451151936495517057597377615887396199326446649447508281702
5833294070005894544680949322571753681474561462111500624110195335953784263127
20316262126697618722223967532370347145297985363803056816800332573538115921683
20118897454905330779316757365327082825225674670546613715170828215358297124461
15893782176793316439240260419014348246083695310846638270933249304684265430800
12847296795001788271556697499714377689095182754228824085698104180563585670787
17258109440267943312537478894153608811927087776527641627893802618672319064807
3727185744255496747036491258134142468721926815259510264718979349995349167789
2377620008282598351802066487452475263179928244128123362464911386705146759528
20330733534745333298462159658402131849518313653717741882717272744687077336453
3063488930518144343621406800230347607891775381984489334408858649400823600099
11822391183098027641060542512210687183510613996100060945754635806285989372827
2697686870567304805976687716601580249659499813659634827192211658186812105269
19466890284409856892962357589067669895394760875472697889494886746493744150398
1006970646211395884475799222625896618366447925898943829426435645426534803620
18668143903499292595688863135570950175417970684200058312498191992564173409237
374118929819602952730503470915153310582862106749955863047933775501492632816
8098759627317959799834443934069068232617039455327629644555780572940389866941
5647931789489182000343586961287147762347200093731102535565999902997464444183