708458300293891745856425423607721463509413916954480913172999113933455141974
14271228280974236486906321420750465147409060481575418066139408902283524749997
15852878306984329426654933335929774834335684656381336212668681628835945610740
14650063533814858868677752931082459040894187001723054833238582599403791885108
5582010871038992135003913294240928881356211983701117708338786934614118892655
17817167707934144056061336113828482446323869140602919022203233163412357573520
16618894908063983272770489218670262360190849213687934219652137459014587794085
10883405878649359800090160909097238327402403049670067541357916315880123123342
7439184039942350631846254109167666628442833987137988596039526179738154790587
2727663760525187222746025175304386977552466570311228286110141668880678011929
16992375884417886634716738306539629570444547136030480542879886913528563834233
4178586893949624406750122665277033849762243490544460031634329370298105635905
2517914797385699886738929430037355069462619900197972886482360691236776726214
20164173810534657634631187494276970100735049909727379228976555863615716408280
19970958827248077001061220127605534603528515080207197493660642269195127427214
15606275977308968307194602612931727810866183872589808138812916593200446820753
12261436001550634140750381230737452634746867040398895669545077774504957433511
10405309809257831434323731445544896504541938387524726028487604098725193737428
13408856444092113657034337770571899796129642125690066226794939383190876435468
19768080898957882918527124226120459667739640387901357739011662191034806046251
16749889646056241484852997428132695501278739424507088920371060969471495213919
12331609790192161246735870679870317366088443875784324655482358218146673901073
15769331739277556832196167201116801527901089923090632364403958141614820528626
5227172275505968397128736045169568430462701766148126842874241545343535393924
919073378344729780131814412541912290691661039815032069498359347682919854836
17858725475505870077023114050620337312678855554361132257763133392017321111169
21805188450184460363143840112266872832328782034569970452376470141743078343745
15808413311863154368918155104905222670782553225279887458053980771135357021692
12828907214414139667587331812274388831051429093098655261887619166452245292431
19323880880917307340820066456419195877039970908109908221992925424585030574269
17591732412986269470826282099678922890996647592922237928486497997144096433314
5282593184575641056912422403901924986019740793240905758215569065763629999318
16013130707598525718519250412251656096494468043256226360413191733653074896117
928381583587170989315021718439506896903185927814675820160976165627097308915
13354336789663524324458402003354905134416094005220899335023797754517805691310
8780135673134081873589118311874067764073719549433574820315100541871522642766
3334957744389892864165113989538814646945861179021194859030934481494560681812
10553413566358881045095498839713459314577909144176577153981801574128014927353
18894321506279909207228932263261226433242541255661384643559047811974513999438
20211894014628303327332299342564779073614790317614402383971270594430055013904
16723480621932556506775906903415088312771104391224076734252099577243237899106
1131872547334579236404174618548801749854242069301712398106619948805304881636
17386814048141719093058723520379257085987299288710382497237609774141718421404
13729980537487612221640320393867198844745491357830417754869369043292518007370
15860780436383591737179656321807464721751913977397035980422407138400867838633
14708550460111247278740231297332510059116901767161326454481923990389610737973
3132820559166321299152015048428879769905404947939291493327190426785911502819
8658132367999084824971296219169212568783540935524918908332001856872807119287
21064783047501777742084787259676320053480170916619513986794406566953069418035
20731000104011695148048713576219525164619502119638555785381543866326561323
17189725817866212967650950297463469529475851286172280116066228706121595462088
3310440878606659516028312898499559492876015493892608849966645073367377278233
18463918215326370595980949760897480127622730018343709491036454088497976892863
10894192430593140913557164014343360386192963621862346779515699758352916852228
5060610877870389107953459328006060153180283860738879092399406248484265273634
9068988823145592214189961315730261367007076042069390630024839612151270430414
13160707893890865447331361630522644819624543031829773191665491273833460019183
13920568292534026180186486064598876780779571940988254327823480971820885713801
3894011501178134026216736522445829906312115650019712122802932677318433032635
17895318821130376385979570244603067634449453259842805202694945793852667231847
9777993060458301797155055013115849176281006051494461044565335406558308324220
16521293541516305251718414192107787058980727971856888501176820100904791554730
7744063601405355255689420547832904761861257642931934580021876189691881462544
5444730929053688962452159157646022068806222098484627080046464163159451208522
1524118152994294864739915388438939180298324297960159419600850033701763764640
1334622237342346242862023763160346671504959163544406543315614662442562816653
16126317914306849967682996412350336172782726693375105190424151365140854833923
6345975085253358297751050638846919833013142450462810543971050115910612860460
2703875280053263252177031410407166981522153304496807669518295313468095058674
20550626512184448884716175825490086259235894802178999642552696391947509065676
15013718986700828670892638677446258841869291160144196138236407826511808592486
4682264015512203762723381542642871160915706748420642731100634327658667608042
12834108073603507925748862283503586970613250684810871463629807392488566121352
8422606792378744850363509404165092879785007388646473871019846954536829739979
9339209090550177650528715604504958143078492516052997365409534971861874881780
9141831918422847136631159987994781722269889810731887947045878986971886716767
18329180549061748373684938917948729366786279119056979983310618862430068636631
2009551904565170718789964252583363785971078331314490170341991643087565227885
3859729780601667888281187160881197567257456581829833310753128034179061564519
8535335342372994336873304745903510543599314397287086554558824692658347277251
14148514289641991520153975838000398174635263164584825009402034843810351225518