19332164824128329382868318451458022991369413618825711961282217322674570624669
12346323761995603285640868741615937712088302657627126374070962894016296466118
3913895681115272361294397190916803190924061797587910478563401817340941991811
7048322889096718105055545382948709082135086733564574465991576956878202831861
10375086910057323893637057154182902576957472442368661576421122036461645295833
12765622911241487148932810040772504127756393086809438933166282251044289864727
266900212758702307861826326591090138389415348463003233900705815890364224151
14435131616556129905356866638030823183270286404767286105643513738132789033353
5780976801287540146775934937953368730928109502001687434229528186520268917700
1618320442446662026869390273942730786145909339107736579759397243640902802126
3818399583522206096165108192531271582827953520684743806492664825009577810261
11764506724346386316602508039052965575734225646587104133777798242528580374987
2414215974836165993714858157462355581258152126063378817495129367240311967136
17609437036230923129211608175600293197801044251801590649435913902851695334081
363438080029711424794236047863047716381155074181485245036621530063262917196
535766679023716739184211613469394818313893958493710642899297971974381051070
5305068908469731303772738758164870877638068032868328180355958394150421214337
10807632568240507366657354568432178961148417327580695024415275247652313539292
15964415873358391713354948903242729080763777490509563223190335273158191600135
20700362719972015883260687302741075186857660623182772413609788566925949033885
10135127975676256977820296631533839366076919827597067890970660746228807376456
4251490167543116819728642817282216847143714366441358372252125244838181656331
7745587495915033527847242564710473705100826890903278244320948416581724663023
11741113129223221800185946819924457344647035336264986754437921049066977440806
11630296782890656599545188109639399768829653360050213193782325240600583381364
16861140446185941149398487176581839232380972247302922484807333229513905651035
365879246117123675211400356410703684399715291171114630107795112994207447819
21725607857580053522363567649763546934441685061337033780528788383243719579033
9222866548596464928765000608129177609426964853736257576074550520759533736918
10261578281201197531384003420612639018011405529775212563256392340336951230146
15644037447921591571869862919382888810859308861783088910843592577202362807673
12752004188139535619565478547449108772137477456363099481095747591698702436636
4205805109630387448825516813913983509046636797101589615147198457314360427718
21047095155106717901091873146599497621258071512562421967648909471775919992713
15624165295872926124160584750951090817255240214488120310950503163805737026315
15064589937731741958666763896598138037875460434244947486199623542160035749721
1801577872277160959016940766173040841160105238799805406938450020949902989173
2896766420608048344829901127120623317655260981420052771341833288256800199953
12828791469509204618898135640019714232831708508424682785876476343251730674999
21363471986981372923191391880511344708743312828234098289107697080824665183315
21372706354350795416381912271616633829725494570576895047490974943034914894898
16006531510217730955981102005088687858079561573088629102219485906666961331083
2389357602244845938251345005183369360523566673990464798041306722747500447645
15275955107196234672088664710679934029171843237458844492987233368659104714648
8038797517535218686870517662905230585331773059774130312418943649247287196930
17923922393436914864421862212181654800719733137689602673604754147078808030201
12890519745320143484176500044628647247549456778462652469313611980363507314914
8058516556024397257577081553178859094042894928866720408652077334516681924252
768425396034382182896247252731538808045254601036758108993106260984310129743