6418344278839121997761558068555633277874924383297235060428040203550148460392
8184778893153361724502825398680471446632259194563037088246379746010351701224
16103007220917684483813510789286348056519805127857943417823167430289370248882
1664056765289606259902279533842090994664529145577166075019619213360544081038
8189267971733078428327714274800548471520787418839983750528172780925243373109
20200362011107872066803394413626937903139046091127740529060907959370256880701
20173744990845412211550008592188171997284132875646553363208340317991304601908
6100976759548353184263451545777211359935324012594548692714862113681123862281
18589557631793259794347972680714314322014920073994928130094285735070065431315
774191617468212021433032703138192471679212014828288788368078839883023639562
20846157077077136618808870082870348881758556999252332666235423866411633465885
179369838162302125553370844232732082673907343764950159722856079645852949296
11918621764929568738238867861947162353407822663185301208219638335882724852664
11892816132266551039449220442540498829071526084314780371963132054098089857199
8372083054789567618141127024727893763407629214826505908070525202510871464376
16053969929668995455194287538126250235271805322133461918670713060143921845064
2376335354846722834191665301267088635977856417140218787958824096999457654386
8473768787638105406889032631028566536048259675966039382891971280359035809717
21341339254986951084972542739281440827262568377712659704364142966685544694259
17589661461505870684154172724042456165609752814624225501433267429299923279866
15569410058783548405562051853887675489795673100717406458705097884992918832740
17136771849960699223133648686528512780844440317239376836819594891344485260741
6846911134505306255484642794298233221271816466086606204236441947984501580805
6155197242495613968880604860842601809115711093712877692064968695514089066009
19128637117872288039529749360298403408432890998345732113683578733270478526860
13897081066927368111242039741190751095002227555149381235627883407347099966197
15568696369607733677931070776042128239961624292553408918258251667007167792827
4872469898347155985390501972210222637651779849978701189099596399070936407527
15828528305683107589096901962734302130704783164486093165237194118210566499447
10871050448146531061933214597828428556087596885695624079458134367495768692641
12715634392841723603484337993449575047813504874083783048519693646075495401499
12461797447292058643518857326956961860724022201671935652194772338021756072767
7893478478385050482361413970069327892342442172936930424757486435631374257835
13837601157198138379089270567935062044589875195895421018230835162664685103799
2902437942374588332095798046833013227638771976745087670719351344275677524328
15243444720000907684100993103252257759861356192301299607302082943722781818072
13807772002950549127635782715429970069282430778664455286304012934232212216437
3330690659470353458591000516836956263198779643900957759109026769401030561064
9121369550752168091283493588432030055987339875340008013960004670271046125246
6735940425069065421825600687003545396352913420833444906054707032006918504438
10202597085447755780667010145999569476263425973948073114389503196598866401333
5502428069812047253902185475715178213199056100606031376530298129227524479345
16644412428296109976288812904703533310452124314681543539244699753829624611041
1464363769917768267070780357984170193149530071521363359029977430003041058712
6585015011013232733155666746473112211355795487658434466373981554623709413097
4801399347914387190330170488585953929447785020623558112311440395749307391856
4112082032915966312546686950757741516554419896344654985273514512341960565972
21751105223203500709422523072334627517145925318798961657655356624798705469220
5444707496026644829581718915396971639630623832272466243662913303978147462160
5176202236175268355216491019205403607765794084697970681965844070084688885903
9306814982626014542830328909308268815941037317672165275254890008767120833129
18534005003473959617581160840952814838772020918476059581821124675494141739706
6315286473605163880327953940950267064586093973100720152185112301408202766527
1300066066523772310953083996541204931152213396378337235691979863222476540925
5067928636570884230858740896001720688497565237268231912398775294420405805509
2247332707031505717534336329466562637772796336116582429349574314234357562544
20247738241445291688801934041857783193064556313940428743035963593744371184825
18242310613256758222060583109097399506427347785291803988073944852458874238653
5027570650503078047623512055050961603632044524914664539379503584245086748701
5171024028215683374631525538977404535998938725569475537905229563957776539718
14944506678316768982115249709678873125670683211913646815567280613875065136559
12712774808537003317921729077604843728755135888798177519726799585299850232729
9704917525949617705578174784620125192847872142914494686332094535178307346294
17607293541936391773356775760016259535976314844718033784671775110177131099056
2540563558441922228123722363766317044293335648393481767268774186670778379682
675334497725789143197575210295522345522852999942555409554666160997486976627
19406946394055111935833464724872576724279555593094398662505995447037826031689
8556081865419484437161415079267380957278647215963771014478927152338629734722
10894080579102201350420363592007910695129177124810422954037601558695648517625
11291505870061211613677608925985023369330908318817731122393740145823745286941
8111345701049008354923033690718534410144029586027127161268652239467844080405
274549942856353845785392053622966579448945647367587770109876363273061435394
4517253471300397604524436610993375842851058850598308811197142784491633632173
752091920065645178354359484693693144698238715470242001046768604290011335506
11638201273705718037686872429810169270152128290712392950719778292205581621583
347106139963113855692776969661437659762102942024424980057845079543094637582
1650860247124995235720423411540903470864782697117302631679816892337391491913
8807792864573824348524944774842835780541376663413796103538010142332713129239
10125706840777901469452374931444076850109537279493387272544675392762656076263
5796395502360267028606772833560634747652475684290748049574810918512176530377
14560087906294745333868694378307270211143393355422503000240374502300675908843
5122547319055760404581514483238475236540700695938727023605315976547513018758
18167310745991466802649320845690518166441060923615799361858509593334862918793
10537655786889979411145772153623144374332103428122704649668615330715372491734
11129217221221505592409814225825346415830118409870141057639470413354985898470
18539905463366886572265160849053355497514707079972544561033138019460289616722
2634262960559341073751666364573144239402802922297326052528609874036724778513
1017221748705774701515487698826243372900579204850532621904642815268966836932
17514607882958712820434977243901228312981191640605665595923587928949930664369
11518730158165740016295488007249832672982237183652963149460237152135828893220
5440554707898671641433725775650782970626686693839748603607869391440450924607
9147974268228093219515993293158817299424235911620662153289209094112083583914
2705991777416683673465834362340927783587369064825521543877658261521166181909
17763220243034576321349123132976335282008457858814906290437636386824597776861
8436811158855395670172615633911662578819734431001698203244903207934616540973
4138616319619099661442960332848564292509386403496259477312793995345740346110
9291305887217504987438822522544685995385674372729325355668719643387679293273
14247130176192495492949419984506575479387281081069847984799112525576996955413
12065917784915207956255864287163607339403293417584561373088222422519855200010
19602746430676351974790620090862300757670420200072717172839368523905726952498
5634613092261261536249683912838127927279222476821160426063089671641025921660
5043354945289735676261322233679902891599697472766188245131942353534121350357
10504830582720502950783794220870443419986496189960249704278002268186024527222
14773755085011014730752864609252484899166588993023999143755304644745097411069
15143011250372146369484566133567610168314155803929775363148643430052742055690
9296771043817098875687880718048618354875037373605143322099708291917193542563
6699308928121904151061270394393246387724926649022798867634982215175491150673
8773562200655600334022608356584787571874596251190350038742467377669146368640
14351113364159322541281738731216101468935785403577478179790191188832046493458
4850132968055386067280912095292570467587181719320385350609813213372507065742
4016458733475657342057293585429845015911706822034026494547861057484844319736
894041043510502707790816962794342134661931379046385946357294445947889380857
6102901509904208647404960172211548023168535043766794923435155807898706549347
10993930772305308408754972248679389846078570700140268311987303413959565163567
11304109937008720250639855591630423562437629896442798574433639679310105935745
2101572929952921976477335632619843501489349436900225186251308254022656908969
13379549674365217138865497711163371499213584223441782700932894243483907931587
14594340674649653462364863346385318403203482098904810919462071947226757935441
10647634642733631076053157841634424396589261258510712678605967658799137793311
16930068860033006574251855928288208559689461032565007963103701897524112820278
17170753006961827437085793102001841977757115057767702296590976802337127094191
1342928489123424058754093123906133488378103161461686346784407392402405815911
355084123756415397117817901422581736826549282147584490336790542339114994995
1823092998982212793902589678970070284970565355035702454684653415443223765731
8048898551230697881244098474076915607341905762324328681953519068200924158237
20856146965109368880184165603695312280799455722407374791306423939515039038196
3432336669019104452964292940253917813738689308738628946720655243686051453920
7245438991832359030357502486353272155562833935372540938834365796871211337300
3373527222057951116939099747150655397463396105930227294848620975346900604136
12572707687046208161448564696692430877391470466184921096766838283998472321208
12384937031493229201662431219560608524659573369707802134091983819133706078063
20462122407152292556380602425948480298757076111535435284512383591498863731385
6622785585380387259638611864923325325049433660844748518649420260935388464763
15605049021670133989806310757216368923392900885847286376362426319164543334301
14810486805240500676478878806350063220126440203863567013665308737654824897393
15365995118119349988306703047684161019037838200991362610041019844939301169864
6214064907470154787016516294417895267553707205697453843662274325114029144555
21692877109550228305351038417910800050989918141485758185602644390604582268196
7958034635501608074408556743462969750498597833797740641656952760348926890967
3158783210920420629823137370399691077131051120551658723733852791768119909942
18819671751132769006885776104610704012597692175792895108910904654781356258396
4790325452934584098003515312147561388538271922609950099121379835100064976005
20767398895337785696143628393192433940154143348446221959395714109953426025406
21100955173515864394919601160078443835098475047602620649008862351655083694950
8821416529246363042674973639302381036248538012124317741611227124444469290957
11914021995756592924439683950035443074155751236836696847913625157420325157778
12885168008148287764892654933214399102034605991806678959486007885552095995306
4425275709248360981167156075250953689813562430283330510520431316578062369047
18741351324856319300007832572892392651059227679283122747711533395263296376480
684786537545646459534722549414114801405982388707719975074226812265976115381
13474309605538568830758681457803561340228343878559353019653388997246494295147
3099805728977762711509412402176547022850118685798164610570416531465753528610
5600770441217208920894248156825173605916487562076226390167638135518086562704
20319458329312269677818220957673767032133429098791178878849925747919552800984
14900034607445803864669093098274289660238359682591825230729114910199159461945
8290880045417869099036293157381173265982569186829040493570954991061128070937
8462436298566072387124764625279911648753174589013128335782578822029407672023
21859976115370951722195695482147975930683297060804395404861331672395447064815
14955925753372802734448760267566451635799685206346879293698701403481312089613
4065981601972608953318716423564125873552717375448854762316325928896715511302
16523330234791629267329601436136683980570251446067965291433875700044665982992
4829516041540259457263557932051130738530942234255982016822863700315113125159
2798840870433591285859944008589519120500790120158397573735407833376475300691
13606709616318037902590277227595176470474803011913892797662975188860939656033
18594031070203820621139505381680984797252179318940256457018473319622484612714
301595919185954926511829797241004376609778538475902874115890821742528188064
13821866899865257052128875138353714301663063129600329885914206051645789155403
17834817495579398016717972195069792832976969906967797534885124084571666971093
4636638693344568063056245513561087534038777759740617868439601311740450428791
19461094558355290408553329139619939302588770167904059927666632659470708174566
21540578068459849172758651661944081878533817564350404794583097681041474789761
14656354515483866868842463518575118611017107704362419507056354562832024225447
343560765432454876700403976911389497782754407830340801930660700142029455668
11849359483183996767521484728570765305101196328390648813094255236259946055317
19924264286421201319107239943837407504286665549555105416180422159851955997381
17166797941774367858319514708612731492719223682833034509589752159955652705269
214236542688014950402766598120744795751883810511956979430464011049570919618
19396313302865541199110558245182888004201133198902041449761385765703954241755
12933296125492490585010683271492258153065303286717891025958189212827073719981
17844270568289843619005627429285364222068221173113885235581641198349558307966
10272636157097124940050637562161546985351212351240072791897429490752295849402
5635761628763643716582314870927054669889487541831762994265390120663404976213
1986614715532243876888195532508093896345436225715262830320266933005235142097
1081989267417492031457620947123272024310181199896785177670601875483149154563
4271010751492446271792663900865386872716262596127435260947966701647960153580
9432817034096362918055925335622289410018247097406473925807967486887418646785
8420506466048434939907866067225441403679080978454172178355845135440301602325
7476612931957868870953074766426582066042735713430654491467754928300129405389
7004218213610744415525118134908394594325377744218316765510260162880307132371
7571768879245095309014348656876595924444469219593531275918644914891061799835
4094897072683886403820666572344492999293005026807228977160362626188210714131
16648450944544843693538650431603587114533063135176857105384828552675810607958
12887042974366913908128212909540148628955501312789089034196573637089727885967
7707639242815954375609957852547086529799646052590213478924819089112009057667
8823950326593148986044014943552213420762296615584865468926316064433145020153
3784973153813546220636380916429273484146041804997715013288159720673291711004