5891205978627836991071144083270417159015157070199928807771268303875194037650
19534191765629085451497649051014772157774065629075791332793195826681584551273
5154833515272483128294702820663628026710043323095920240638701304804298499578
7917593571945709638335150893778153193741477651398934233734658265336884279055
5133163238095742835090645087711007173805146496653007212988348307349716673728
19458003745533910239158707983408152209004063097952693956218574434126899070042
18880819400751577287416293176849355951596193714265500681157024197361640709188
11433257809059443065528679883569438998689217744131300496692049205047550090935
12190874701550908088290603272755607342096152398135156662834905887211629834704
3673886960353993252497154566539843726250940370616316569888448647738018022083
15676037835112699420746702265028664494892600184195941373794207326709270851677
5045635616511022726309482514512221209262777381751689684810362174166837266849
2127981970274354891783037834911068612842150500572698772082540184222710046966
20602209860969247631763456039704661822909928028055826436834118113792574371849
4493454930923344041221912772221535937546211498548091351164191172571413962846
9203273896007845628978022785284502260659411177801743914849998536940830966257
8789969715987458351416076625905723956294447007026950650495844175328857015476
11215930522605102963220331022508304708093835095809374254680583403572809751875
15586225257380986275249577321891268850474446160605827963612996219805386502932
10011841080310254678847831138830289501574615297642717372149423820287945856079
18753960408421275836614693391945489354883623026056573684871883182548779915774
19761678450406536764850099419131825403291221931719095841429266089353917202891
2072721799733232450097521331054430993573774079728747665078766019206508544636
10615297085623730419003352440151421233872764050371800287995783143303761635742
11342862179098306415193268089882628716478112844171129584590093902612740081938
19276661508999391381559540866976056457016683157876039262437370976462342153704
3487982371390545412669202630006964510064537478038100559383689697998101381695
18019611455528497754832260490613820837001396745087990928355304172772344827985
18731969803319425707048526160946688629598037600738751037795347491343115736279
18895516979789867152215547520753345684534505439453679476362827176682322481937
8262582236770254192527817333585360308520228688394271238254948357217070957179
20124670759706967221386035867404978156598790198778905768160002435038055915086
10113512603622787997151768792636528607526786828914243169997168136386113705095
915897670578586705347124681284501818659263249883815809455861196950322359631
4168315355477923626825760085789663510629998017921421169386695143739645254818
13671994112691093230470350971338683534216964112891455368255908216954091232088
16886224211742114996348237388698196253930997227482938831037908300450123060344
3345133367703042017339663005080189359441174937067366586009093723866269451347
21528583089657067992968569213666076092311468898762774519530397406988724032331
15876161034145690426475777675897218203065468785806228994483284137836054650127
11419482087592638487692501143058453465931464811952523437138882421550619359191
4688593371456663565609532492788107789533208004746508669973851893459273665535
1201806670097794327812047975382630669548999745861216990648173033237996826404
4317641195125807665177432835324854194367911827066332519796115671103402289320
7278153623621857829571838333149240184056003767208572498343141321166882833584
5645725384264681461759518050072125001915558414870126637288820197391715227313
7876944044995178879031614460771670730631140542631541219377182212657483769883
1817650660807237476840344988506407016951597837358142384730920692904089879519
5477456541807551375261337022497006230056471139241891672239301675658950367705
8048211508931499636316723219242009338536169470228918968914286373316199192147
11051780522682663717015921863167554166331060525740053284975151807269395431450
13621239165564266256293257623306520070257833884735472109300551735647149439281
2212937635665982737914958126511628913962157442295931340442990688391698941226
15995366165560744217392074544914614299200056620022955679432568011246760194348
8186603384193770310414376291688089375415922904100458138117461272757184852177
19591014640167727612037871145675698427320771791339346286884839214170680861630
6878084246380728147562027775456286883121281123291292075367753371891198993189
2177050211387664317673794964274713735596159455191994291603735988793477650579
19810792753868883549077084303872022596455081266982011682803771833184330522738
7185072414158632003497987061744951789947697798790757573674746012007540132625
12527008463897431318214816404214269326472255194708737027196205809865368523993
6934500447964393691613594947677420114877610140521721836488732706620555412923
9978011727059765171039296158502240318826874847845043732001483806732259491882
21367223873262404675887107131444254925505042466133465670356500592380419754092
12370989539828127569760369184182336850673006315469364895069603190681475159813
4771734208255151020750966033073146490824522462970752283771863328392876062708
13551343845317029011162863399460125746613189002552375164523344552618567494698
8714428409330855425634336943651573814895603648572558273360471650145732556280
1770920281347553432035718101936298919487500537138994976517066719980578590089
3110069281490803391353365800012007306367848815614936878141004366920256162421
587101336788172489216190547515347729725635829809300681040400739386253763168
2745547964008447408503376832407161412155228373377123760513770235899201269964
15688219884606649780982718944113231917978875761031663915052600865004707442286
18825709614401251798160680403375685428394659815656068061728877494732182115807
7344398268236623675422623600003139537460576229211381042555723883054380022043
14666515770263042245313469306170077834894759906373286169967918153150186862642
6262353441640473491135912890626291592970997790093308164286742582769628052614
16647307543328963728423591228360400112670150511841037950484862728187168155597
11187123547390829437191210933751439038277808812390863028310714957203862953416
13431586020033401007013925927716006954532655767977222332198563123215088393612
4290575536028694423523505804878297212249395907285796384174966179335089734293
9525030500997851642842588010076299538258273880797610368114449809143832950303
8240494019366037169932737683997756281590058122972608854062263901069681117554
20634410655079842888667296641045124414486057143740858179591482529433244800210
2021226937398532158458585055746155459624344885692396128118875161667614679890
13363628208058779432402710458326211021009444288989875416757721068391318188214
14662421589311461388753832631349921077594459767269924751258576584313288868105
18478701421001679788418312436274921897007545359172305786472370930338255515306
779644354087716689348274274240595541489283221242495213448957276905050464536
16071592196394048404777963063722475415819376772419538934537115615105548954438
5095096770582161819227893847981354649325178848130636101047350986634230116037
1243295118881144894548654933667320243992122811397983231810580344448403973343
11884934205846782297010667633102865650294795721122133935339824653150509106639
7458968983251027899406062962031140351528726088472453510482489928822496580100
19572605475586099575374380909719328911692508931262625802140140705257944509766
14705309817743162695613012501115465410697971407093611587529338557210155341093
21814585268359946040619047839768523980706543116273413618895661291550785045639
18720305501197276565912107809183977276090965285535057360911917408689742145019
2134301697439195186325742384937390317718398738774895777564128344393744278579
16999326242022117650983709520661797031983791094852258286603416430772587131676
17897483181215416614794986081059087805317610826416633427262022077916365348849
19707797946013555426424189263942163273279448488563211841018471715309464788783
14555678829341308540860562709255991938855501651550888461483653488337939676588
17257409408848021559108687223120061819076248102607600439065783833668882002860
3083159817330696927114122348973911210253613266522114299928693807761894470034
5736074496230638296274343498461296106748247754169694274901381380232637436330
8207744709591183622611260068351833593643143431375276434360211505091128037806
16073710603427960567922233549405442518423088068367439127980767364626490766482
16125801016656798988611163501719363451449395969542389751490084517803061425074
16681204974924630782971582682795720527615927905982945319130944791490607417696
4072675318306311800303326010748274698511258916524447342766005819081244518392
4639558473350853876171991553789446979158416238030006798108198266387155784407
21611752344375994669307116989730257280581712049771305171467376136735830835317
14260028812889714557229612460335412900866192266288236233734870104907234066106
10936007367915129326030460455513265303372033050181411601450223671258879981020
2935032369592212871409648743766195391225915910970902425024269583756879977136
6634946569637959135045435256486295750841113686207268069245788404426148269439
11165382706437522214793349607928919108508947068233467479625942161240196013032
11449774151698349588558943383567398137746718964787475388291636245211033594857
13380655477865684658511486065341626238240224687038830357479380314844874141318
1556090800260299290436338214947407050034615159120446561828975680392439133850
15775229412830292677008903643751483031582598935755329498528261914480871637362
8325948986690458545596228454116700887740572176003019243020371356605705227449
1530006957398320461897940887072398082651602436763497487522949690691142033613
12096799031117418724262752691656478204625211872574986459351576236141568686903
9795222686269696766812901618791046177266354705263547407732303299461050133927
6370027108686216641431817942352503637286925173249339052075608610090399016749
16881432515653361341795686702127944966732199129855247935726797972793170639701
15351738821101585856536273249878864428731819041333447251288973888111661451683
14781212701946742438784746658712056984412254191444809612525158953148214912100
8091550554023025707193058566806958042583606199181127012808071174695106343115
20490495862854672187041438553984493686275844004543178578410057111061213880755
17273768908086623408127314492263145283983205996943328025810362733169697859553
19294495315219029609698328900049261980545541811825479502505060031138576089112
21659964890056395567978937545379633715401240283937936880886676845913261767053
17982445074266408124204445317785538167802060185652418682509052997213396963809
5844393214733022541634389892381973171593154485646342141850588851005973351855
18594392739980641449638044568401634303115397702236811642652121212412266849233
8182160648431978634742268417253967926524505311200391645921674911687111696608
11615953679796573972512524871850400010935503185676276201708450621253942540441
21529769273680682324960067458105490598252059794192747768640910191459525561125
20132110404365493609540330952369583903023878161175287878881490874880122068662
3315629685104800403477925330007368560121731964009894641262206418774875779654
20760167657218552641600617661638902204729190730886821404831449731791027856388
1071944235595105837840075721866496337725631499557288435858051131598364359180
4555500238184379140256400675916267083899817767012366155141824954325999920862
12550383095401941417929336389002623533497339330808819244458405679309028814897
16242206659396631583090203067480642438705316999988728264056381863300603790054
9739751068073084582742270086389269366580429568378316378361121134559060472609
16116599372526867528428771037225046273420084760475362036998100512782645537424
1491702476187736766465155485454380021314952117101776564498935819251125640550
15487639992401023512588653485898591177260483949656489128772103961337143916568
271607781293753174262565976623664759968566553298322241892863651425822643900
19977950168772761551778240748644447848771422612925087742515420134526515662483
1983058998587842721058540590280805932874010898105761473162166721490888500174
16107724245058262116195892590046753877901405295502298275519986777803068771465
15598969808860428995774387003121151871293432204528482957206560135604646381090
10303850219152079194793643117738367623863138704730923818757626414538626924093
18042134015692222011976424010811982750427479608456170876100049843530175591980
11698490610713203406365860893495577403678312400711273827266244766764136895745
15094763799279956189651458728729592947034549021140257103479085265792492443257
430096731859098382312819496464652103427606481282347941948051379574546904741
13960717870097098006695192936395126361902142536383841733120824678277505383661
4016844697779547662080765040347308557842613782172342555085194018348439875647
21390612758814913695838461279472506230937295081984131634720827665924667792338
15210153052017283712229693210655704356560541803226219169450332030313730637768
1405020343631287949667260064722407285384539868534544303707265307694982887517
923081188208761071201163943024810005498690637139303388717205039798310044759
11733793144318360060340673323677375331041661345320756410073354731608712531433