1098498142837982582047608372723518751721607512716925277273595859756333857326
498382712248562027578374863343601618793781182132084383060312181008958381971
19040726265283429618662679510157690394832296024968480927415996691029230011306
10367579130776133414495805974535693744211249758950881275217429221792836643614
1229596364469449066712193908302977020022727834238778132871229393863406546866
5594347757215876411130934611555467571639435097442631641074898978663329410864
625275312666547608222628560378372315159605662141936411119837279426221363981
15485529557721639677666143827295121022852505628489596851713462276650737776670
12156576509577081554587930818670905775536581975823788207855134544267814269606
1981640929928975005466842670997136169304057407742291166386016130552621471939
9375079124430521740651903984797221620963928972304905809259607327125669559872
268697279437287801043057266739136500465135819021738115532631740070584831216
9310725094036396036773344350803037792624399505581573214229419814378683970851
6144934044671205976376028664002834283864020049596457260475210339996948797436
4985941506647510031967748765284991041503308370910665002557248958100799063851
15851062719909725150709309168582658649310704358483047683106225599004779349418
9869770840966008659377598457679699092337106962689936558150689057592239644963
4964286354328869036674130011248598806906438908586967212984901377099285878228
13408525694456518383125684465410538061086669117275911801498275369395798296201
18263306792332242197764383101132914152275840410710698264525919817458731671889
10401786441956087930118823951510684636068781082958380915651220354850381871543
12496745101887166473879957440401384727148915595227764657145046356182346897947
56825204182651219072479187681186238157981743937496557304633023935549648224
7949519580094467639897040111470236633243836928348452962417270559805860514707
3509286722306670968352119363633866055096352721394520084890481975258162907251
21359945526252146173553061920944871506626324563977081669248710516265311530589
14649491209868365229844087258057697734286269047837985905275053819765825128984
12122186136173879572357400046587658543826161883897136171993927935307093999926
2666476328185593105035429309804341325262753927547102747066987631391232293139
21005241858197204874543384881533661499138265185107903730534607574687765896488
4866331653274711303641000079325074227730641553230218424779550288347820225149
938689939079340009195180604139206414955240264736983491692686499992823741696
950493909161345219342597929783079468041198261349024441783356363638640688155
8227093387774305505218050843028014038423742476679149203160700406235271548925
298899716277443866412562171123535849674476895336539413683307522836440058745
6985094123716229565713211140430519589886023406928617334981414752732877292051
4561102873171162160916461632027561255705058072826965137552144392802414262261
15422356128912397775473168682864290042256748428952418907369066530964035265216
21534011877473706794700774934355764894917955655606512952257743854629820348396
9461908500272520643111839486963426035162115487175673718316249722520977894185
9042969964854694648113546554619141983055960736166619708191725199599555275062
1441104948831954255692318866730011748129225465895791664253095290347818907280
19417400621113450826458192671383621002793369580946623762558060167661227354799
8244773274459817591888745631242804467035454174608673362960589130536385507190
17088086767144106377842029064730946925009348520592888187451688601493882340857
12886019902209719236096958359125451092745638766392722988311451127550961945660
20280862819329644063010032903732505647194710429034928708829957501178343790858
13239701144341900586601825324587185682073736334523805955933121583949546821724
2994618864933374534869864629648211464657674590007913715843569952783382900518
3072221011986428615228338853345294533299624086589539664037325300531050793357
13594276105600327401961157952766116939399999497643063180657161489419638074478
12904364780884039213184464580277965622079185353283126471569179129906875486852
15088962493677593800057541234990587773412340265413268221386103386021880406010
14138285403526705785804535000245522290348086552790608567368815987904186155718
13481415964846572771441311017814910258609608797603836070350286657768815710822
15459769479990273742477151452466966963353767555965255520456901549474045452607
8586052864861352028352866296665876117392195296860481710367953704812400661703
180502622991267551120688532508657597773982647209049478186474242637299204110
4785745751361586866577727263713743688205421961646731269452058881240942369409
4583871856798894230250707953295146343968130822948818555994825096960225600041
12377924729639905725281972784629126900954187435957722012223715002490809152047
21554415644278070156493674075483844873249829791940344144484983897474364915950
8390225843490125870104241611355504124284851919520955291024552578484662824128
2330476067094130593913781764168287559468546989640021387799865123741354870445
15749497374252464770935521609391859230015300749964554524771184068776070217841
16817654103281917947623051388088441309787140809596505043937473012669498321704
9987656178378986905964646161927549614205785047077068310684205046327286932204
21450061958292240283686535241652971764195183478875921481624114699420928365160
3904617432242099936494425054740854886663050476318725032541401300619628714123
21454964104289781104446533610149551385791852085041524046710270949744081353102
10768409462143965702783360646769759623397882338491564999208626639994081655791
19385613828688830964519526099114207553837496617978489639408163709100497624509
9385292780799468553063371906778802189174789542685475364513544798199315486080
19882577122462819381545089778080532575686772634821281258975533828284349988146
1462201549484596350490921057903425036211202388283463006651220816599917679116
16564642856725628254155356607086672564976261497486137590399143770170930986182
11606470848655267736219046910932382494518380844147406842964119623341701511194
546921055225672463086391798419385468083264065960104350335293012629066408625
12676737821548820987278730174038033161886561534502963159950183188070064038340
16429180804851559661054910451008618941371882312211198495282444364589225325606
8318514508896823373027050528521007144041407638548138855564062559664141902892
18546910687432012966956995548470714600618104024117576926439677823609854961263
12006683905722730408249989907056432037202625403043550391187503858618155798348
10816814135685807143320832554644398181525372167669730953193258726693903362148
1969445073620598650457101028079888612893685228913473332116076918643068711808
16873795316557869761040796336264749169213884122126281483001377666183529927793
8441268321647668856014389726368355391497206989491787976537908376817970369132
3378086906271763133245748026584767009750550242946195995254881868035794898559
12721353531573613369892164015903035636498816100971168742462654106875931342664
14969430369156214890953989610124286618925370029259450629468188666450865580556
8545723361883060050915916338313252821252873299513393695440138873537985282439
947668284380905375962163908708231363459059635485281084900173592739603282382
4418352807772484492818068921024797225893951828921880350002134747344565378254
18146914067008843660990756743559427698617136456156926109157771781314720068545
2353279078725994188579023195684884389261433430819033940093641668202046052763
18228226015329570627220992288018909552101992748538110505558715089403194764144
2251557590571495628913478692960173580728135227602564510397207128937882297417
20421664597091787362209209474226188711714308866665750343509458297343168321800
8187951594294388715811532560312339537604737243977265499957088579012554679278
15810834190411667509425096842396102750984990364193499272150958331088983323159
16884308240478579935994044823717491481297317573500280152191710196639752382061
234497484353824748419812158321111328486478789224631887096763967543932891899
21452418791072076854500976656696245147472896609273403517249960331326136475572
10860322289080285812992522532751459911253736747190334349942615321085283282595
149826608572716492570322179195234088797160854886751475825283168005807771516
11491761442863092383423796629001188933840969144934642247702733820824608517603
12099180244453415217270377899736157198045626379801787493348249001794558732373
13177983303979037999809722097100345612970493007300007493855625634642663397908
6849052800275826145043024580348093078809773712986428314364827674907764829568
21486255029472594818259653174918852363002807142725698741685253190938680807594
11451503340703054732459437884000132607423536025797075877436151438425159994269
8462539135531767509735697608276067216182907546891182278996691315801807234639
19944711893825824667372913293784300313762563232409638194240029859435259601775
10396631238556297232793544122243237485091433966091043100758266678889110827200
20667999270580360504376758654763163152764187226267414436968564661080084475852
10424436665500877000658892169756884171624649701456443210945810183301667922053
13894422482417998868290238401966517700776990643618129177567797594771207188055
9076475964444407787992938909179730031379198268423789105813333967195259669658
20479003631920854685589262232015009286810147171298477411667705150903826855301
9928015403359312830073752955992978705151208358029077246413002475277600546387
13981618256931763962905358530247354996931923386029793318275706908114940457317